14 7 2 0 0 10 0
4 1 0 0 0 0 1
4 1 0 0 0 0 3
31 1 6 0 0 0 10
21 1 1 0 0 0 5
16 1 0 0 0 0 5
68 6 20 3 19 2 16
31 1 6 0 0 0 10
11 1 2 1 3 0 1
16 1 3 0 0 0 0
6 19 1 0 0 0 0
621 66 247 70 86 71 232
24 1 4 0 0 0 0
117 21 49 13 24 45 85
202 49 63 31 21 39 75
15 3 3 1 0 1 4
6 1 1 0 0 0 0
24 1 4 0 0 0 0
28 5 6 2 0 3 3
952 103 333 120 42 76 279
17 3 5 1 5 1 7
11 3 2 0 0 1 1
9 12 1 0 0 1 0
6 11 1 0 0 0 0
710 42 299 97 115 35 159
4 1 0 0 0 0 0
19 1 0 0 0 0 6
4 1 0 0 0 0 0
68 4 2 0 0 2 3
11 3 2 0 0 1 1
13 3 2 0 0 1 4
13 7 2 0 0 3 6
13 7 2 0 0 3 6
19 5 2 1 0 3 7
1767 96 772 365 282 136 576
24 1 4 0 0 0 0
34 9 9 0 0 4 5
95 13 29 9 6 7 24
24 1 4 0 0 0 0
91 25 36 10 21 30 52
163 17 66 24 26 11 48
1 1 0 0 0 0 0
15 3 4 0 0 1 2
24 1 4 0 0 0 0
51 5 16 0 0 2 2
21 9 1 0 0 4 4
264 17 109 25 12 17 105
78 22 1 0 0 0 0
11 3 2 0 0 1 7
11 3 2 0 0 1 8
237 32 94 22 28 20 168
10 1 0 0 0 0 0
27 1 1 0 0 1 1
318 31 142 62 10 34 150
475 23 207 55 55 25 98
13 1 0 0 0 0 2
68 1 26 8 16 0 13
35 1 8 2 0 0 7
107 9 38 8 15 2 28
24 1 4 0 0 0 5
33 1 10 1 0 0 7
6 7 1 6 0 3 0
22 3 3 16 0 4 0
22 3 3 16 0 4 0
127 37 15 206 9 42 42
28 3 6 18 0 5 1
4 1 0 7 0 0 0
11 1 2 22 0 1 7
11 1 2 24 0 0 12
11 1 2 27 0 0 15
27 1 10 83 8 0 41
16 9 3 29 0 2 5
20 21 5 56 7 4 4
51 1 22 69 12 0 22
53 1 23 71 12 0 22
103 3 42 124 15 1 26
6 4 1 0 0 0 0
216 15 70 26 18 26 67
161 14 50 16 29 6 75
7 1 0 0 0 0 0
55 1 21 9 17 0 0
26 1 8 2 3 0 2
14 1 2 0 0 0 0
60 9 19 5 5 3 12
31 4 12 1 3 0 10
11 1 2 0 0 0 0
6 1 1 0 0 0 0
4 1 0 0 0 0 1
15 1 4 0 0 0 3
15 1 4 0 0 1 3
15 1 4 0 0 1 3
167 10 56 11 9 8 49
11 1 2 0 0 0 2
11 1 2 0 0 0 2
44 9 11 0 0 4 11
121 17 42 18 16 16 45
18 1 4 2 5 0 1
11 1 2 0 0 0 0
11 1 2 0 0 0 0
176 15 53 14 3 14 34
10 1 0 0 0 0 0
29 1 8 0 0 0 0
16 1 3 0 0 0 0
11 1 2 0 0 0 0
30 24 7 2 5 3 4
16 1 3 0 0 0 0
11 1 2 0 0 0 0
16 3 3 1 0 1 1
4 1 0 0 0 0 0
145 15 36 5 3 19 22
15 3 3 0 3 1 2
6 5 1 0 0 2 0
23 7 8 0 0 2 2
210 24 91 30 47 11 54
23 3 8 0 0 1 2
21 3 6 0 0 1 4
25 3 8 0 5 1 4
10 3 3 0 6 3 4
6 5 1 0 0 2 0
18 1 4 0 5 0 7
25 9 6 0 0 7 4
11 3 2 0 0 0 0
151 37 36 4 3 14 36
6 4 1 0 0 0 0
34 1 12 4 8 0 0
13 1 3 1 5 0 2
4 1 0 0 0 0 0
11 1 2 0 0 0 0
11 1 2 0 0 0 0
11 1 2 0 0 0 0
31 3 9 3 7 4 8
13 1 3 1 5 0 2
13 1 3 1 5 0 2
11 1 2 0 0 0 0
1 1 0 0 0 0 0
16 3 3 0 0 1 0
11 3 2 0 0 1 0
35 3 5 0 0 3 8
41 1 8 0 0 0 2
22 1 0 0 0 0 1
48 3 10 1 3 2 10
41 1 8 0 0 0 2
16 3 3 0 0 1 2
13 1 3 1 0 0 1
7 1 0 0 0 0 0
21 3 4 0 0 1 3
11 1 2 0 0 0 0
140 5 56 10 18 26 28
35 1 14 4 3 0 4
38 5 11 3 6 2 7
136 11 33 35 37 35 97
164 17 53 20 13 25 44
129 11 31 36 37 32 96
70 17 21 40 58 12 6
21 1 4 0 0 0 4
15 1 1 0 0 0 2
10 1 0 0 0 0 2
32 51 8 1 3 2 9
21 1 4 0 0 0 4
13 5 2 0 0 2 1
38 1 8 0 0 0 6
28 1 3 0 0 0 2
19 1 0 0 0 0 2
13 3 3 0 0 1 0
41 3 8 1 3 2 11
13 3 2 0 0 1 1
4 1 0 0 0 0 0
36 1 7 0 0 0 4
241 1 48 0 0 0 22
181 1 0 0 0 0 12
71 1 14 0 0 0 2
188 1 2 0 0 0 12
363 74 82 11 23 4 154
241 1 48 0 0 0 22
71 1 14 0 0 0 2
4 1 0 0 0 0 0
35 5 10 2 6 2 6
13 1 3 0 0 0 0
9 1 1 0 0 0 0
32 5 5 1 3 4 4
23 3 4 0 0 1 3
10 1 0 0 0 0 0
11 1 2 0 0 0 0
213 1 43 0 0 0 30
26 1 5 0 0 0 4
139 1 0 0 0 0 17
11 1 2 0 0 0 0
146 1 2 0 0 0 17
268 5 57 10 19 5 138
211 1 42 0 0 0 30
26 1 5 0 0 0 4
11 1 2 0 0 0 0
45 5 9 0 0 2 7
55 1 12 0 0 0 1
34 1 0 0 0 0 1
57 5 12 1 3 2 12
25 1 6 1 3 0 2
39 1 1 0 0 0 1
67 7 15 2 5 5 26
43 3 8 0 0 1 7
22 1 0 0 0 0 0
51 1 10 0 0 0 0
53 3 10 0 0 1 11
28 1 0 0 0 0 1
21 1 4 0 0 0 2
13 1 0 0 0 0 0
44 3 17 2 5 2 9
221 56 86 40 51 56 120
28 3 6 0 0 1 4
35 3 8 1 3 2 5
28 7 6 16 15 0 0
21 1 4 5 0 0 0
10 1 0 2 0 0 0
42 3 10 11 3 2 8
21 1 4 5 0 0 0
9 1 1 0 0 0 0
11 1 2 0 0 0 0
4 1 0 0 0 0 0
18 3 4 1 3 2 2
12 1 1 0 0 0 0
16 1 3 0 0 0 0
7 1 0 0 0 0 0
23 18 5 1 3 2 3
16 1 3 0 0 0 0
31 1 6 4 3 0 6
31 1 6 0 0 0 8
16 1 0 0 0 0 4
48 30 10 1 3 2 18
31 1 6 0 0 0 8
88 9 12 2 0 1 7
15 3 3 0 0 1 5
15 3 3 0 0 1 5
189 57 70 16 21 25 116
1 1 0 0 0 0 0
58 5 18 4 0 2 29
4 1 0 0 0 0 1
11 1 2 0 0 0 2
11 1 2 0 0 0 2
343 44 141 30 26 30 255
19 6 6 1 3 1 6
15 1 4 0 0 0 4
16 1 3 0 0 0 4
16 1 3 0 0 0 4
7 1 0 0 0 0 2
23 3 5 1 3 2 7
16 1 3 0 0 0 4
91 1 9 0 0 0 10
16 1 3 0 0 0 2
21 1 4 0 0 0 4
40 1 9 0 0 0 2
16 1 3 0 0 0 2
58 1 12 1 3 0 4
67 1 0 0 0 0 5
131 33 29 5 11 6 33
16 1 3 0 0 0 2
21 1 4 0 0 0 4
36 1 7 0 0 0 0
56 1 11 0 0 0 4
16 1 3 0 0 0 2
11 1 2 0 0 0 2
11 1 2 0 0 0 2
4 1 0 0 0 0 1
18 3 4 1 3 2 4
11 1 2 0 0 0 2
11 1 2 0 0 0 0
4 1 0 0 0 0 0
9 1 1 0 0 0 0
18 3 4 1 3 2 2
11 1 2 0 0 0 0
14 1 2 0 0 0 2
9 1 1 0 0 0 1
13 3 3 0 0 1 2
1 1 0 0 0 0 0
6 11 1 0 0 0 0
19 13 6 0 0 3 1
89 3 38 15 14 1 29
4 1 0 0 0 0 0
10 1 0 0 0 0 0
21 3 4 0 0 1 2
4 1 0 0 0 0 0
24 1 4 0 0 0 0
56 9 20 1 0 4 5
15 1 1 0 0 0 0
18 1 4 2 5 0 7
1543 166 640 383 453 184 850
1 1 0 0 0 0 2
16 3 3 1 0 1 10
21 3 4 2 0 3 26
156 25 43 37 44 18 182
13 1 0 0 0 0 3
27 3 7 3 3 5 41
30 1 1 0 0 0 3
46 1 9 0 0 0 11
25 1 0 0 0 0 2
50 5 11 1 3 3 61
48 1 10 0 0 0 19
38 7 8 0 0 11 27
11 1 2 0 0 0 11
63 3 13 1 3 3 56
11 1 2 0 0 0 5
13 3 3 0 0 1 7
16 3 3 0 0 1 7
18 5 3 0 0 2 20
13 5 2 0 0 2 16
90 1 19 5 0 0 34
21 1 4 0 0 3 7
55 1 0 2 0 1 5
60 1 1 3 0 2 6
98 3 20 7 5 6 98
18 3 3 0 0 1 16
13 3 2 0 0 1 12
4 1 0 0 0 0 2
7 1 0 0 0 0 2
92 1 20 5 0 0 50
13 1 3 0 0 0 6
21 1 4 0 0 3 8
4 1 0 0 0 0 2
4 1 0 0 0 0 2
106 13 30 13 17 14 103
14 7 2 0 0 10 0
583 64 264 118 208 84 371
21 3 7 2 5 1 7
79 22 24 1 14 12 21
21 3 4 1 0 5 1
71 11 32 8 15 19 9
171 13 61 10 31 17 43
65 7 20 17 26 5 1
6 4 1 0 0 0 0
6 19 1 0 0 0 0
6 1 1 0 0 0 0
6 40 1 0 0 0 0
6 16 1 0 0 0 0
6 412 1 0 0 1 0
6 406 1 4 0 0 0
6 97 1 1 0 0 0
6 229 1 4 0 0 0
6 49 1 0 0 0 0
6 1 1 0 0 0 0
76 7 21 7 12 4 26
164 13 50 31 32 8 40
180 15 73 14 35 23 23
181 1 78 14 42 38 9
149 7 65 11 15 5 37
6 7 1 0 0 3 0
42 5 13 5 6 2 10
247 37 105 23 28 29 83
9 3 1 0 0 6 0
98 3 38 3 9 1 24
83 3 29 0 0 2 23
25 3 9 1 0 1 3
59 7 26 4 6 5 14
25 5 9 1 0 4 4
29 3 11 0 0 1 0
24 3 7 0 0 1 2
272 18 103 8 28 20 56
233 43 92 8 30 32 49
59 3 26 6 5 1 16
82 25 30 2 3 13 8
28 1 0 0 0 0 0
10 1 0 0 0 0 0
15 3 4 0 7 1 6
89 18 29 4 6 10 19
112 13 48 7 3 11 16
91 3 30 9 3 9 28
21 3 7 0 7 1 6
48 14 16 5 9 9 10
31 3 12 0 7 1 18
13 5 3 0 3 2 2
119 26 38 4 3 23 20
76 5 21 103 199 45 131
20 3 5 0 0 1 4
4 1 0 0 0 0 0
4 1 0 0 0 0 0
15 7 4 0 0 3 0
120 9 40 15 21 10 39
133 1 51 30 80 21 23
61 1 9 3 9 3 25
42 3 7 0 3 4 6
6 3 1 0 0 0 0
48 1 19 10 12 0 7
27 1 7 14 21 0 6
6 16 1 0 0 0 0
6 16 1 0 0 0 0
4 1 0 0 0 0 0
49 5 15 2 3 3 7
57 1 22 1 0 5 1
85 1 33 6 5 5 2
29 1 11 1 0 0 3
1 1 0 0 0 0 0
6 4 1 0 0 0 0
6 4 1 0 0 0 0
19 1 0 0 0 0 0
15 3 1 0 0 2 2
13 9 0 0 0 0 2
12 3 1 0 0 1 2
19 1 3 0 0 0 2
98 9 32 4 6 19 22
110 9 35 16 22 11 37
26 3 5 0 0 3 4
1 19 0 0 0 0 0
34 7 9 0 0 7 8
1 31 0 0 0 0 0
29 3 5 0 0 0 1
39 3 10 1 3 2 4
6 1 1 0 0 0 0
28 1 0 0 0 0 1
7 1 0 0 0 0 0
1 1 0 0 0 0 0
47 5 14 5 5 4 10
49 11 15 2 3 8 11
6 1 1 0 0 0 0
43 11 12 1 3 4 8
29 1 5 0 0 0 1
6 1 1 0 0 0 0
37 3 9 1 3 2 4
19 1 3 0 0 0 1
6 1 1 0 0 0 0
23 3 5 2 0 3 2
265 7 111 33 75 5 49
66 7 22 17 16 10 20
24 1 7 0 0 4 4
6 14 1 0 0 0 0
58 5 15 11 12 10 12
58 5 15 11 12 10 12
79 7 27 17 19 14 21
60 4 25 6 5 10 16
13 28 0 0 0 0 0
52 14 18 11 17 8 15
48 9 16 8 7 8 16
33 3 7 3 3 3 5
40 5 12 8 7 4 12
33 3 7 3 3 3 5
1 1 0 0 0 0 0
11 1 2 1 0 0 0
11 1 2 0 0 0 0
4 1 0 0 0 0 0
22 1 6 1 3 0 1
114 1 46 4 11 14 18
21 1 7 9 10 0 2
7 1 0 0 0 0 2
28 1 9 2 6 0 8
6 4 1 1 0 0 0
32 1 11 5 5 0 2
188 24 86 8 12 18 22
22 3 3 0 0 1 5
28 7 6 0 0 3 10
57 1 19 10 15 0 0
23 7 5 0 0 5 3
130 13 57 15 20 0 2
135 1 61 19 66 26 4
56 7 17 4 6 3 6
274 37 129 42 54 6 79
219 3 100 34 52 15 29
15 3 4 0 0 2 4
6 11 1 0 0 4 0
4 1 0 0 0 0 0
381 48 166 58 52 32 115
395 64 182 65 90 2 56
15 3 4 0 0 1 5
363 30 151 21 32 31 41
221 5 104 7 9 2 19
119 11 41 20 19 17 37
4 1 0 0 0 0 0
7 1 0 0 0 0 0
109 22 42 20 28 15 33
30 3 7 0 0 3 9
39 5 10 0 0 4 8
52 3 18 1 3 1 3
22 5 6 2 6 2 6
26 7 8 2 0 3 6
11 3 2 0 0 1 2
15 5 4 0 0 2 1
7 1 0 0 0 0 0
4 1 0 0 0 0 0
119 7 35 12 23 8 20
4 1 0 0 0 0 0
49 11 12 6 6 11 12
600 57 260 85 175 23 107
18 3 4 0 0 1 0
11 5 2 0 0 2 2
22 10 3 0 0 3 4
20 3 2 0 0 2 3
142 3 57 12 15 8 18
1 1 0 0 0 0 0
25 3 9 1 8 1 1
4 1 0 0 0 0 0
46 9 9 3 0 5 13
6 25 1 0 0 9 0
6 5 1 0 0 2 0
245 9 113 10 15 1 36
21 3 7 1 0 1 3
90 9 34 11 15 5 18
31 3 12 3 0 1 7
245 11 110 30 24 6 48
11 3 2 2 0 1 2
7 1 0 0 0 0 0
74 5 32 4 11 4 12
84 17 22 9 10 12 21
70 4 30 6 12 1 2
4 1 0 0 0 0 0
57 19 16 13 11 17 30
16 1 3 0 0 0 4
26 1 8 5 3 0 11
44 13 17 8 6 0 4
19 3 6 0 0 1 4
74 13 26 3 8 11 16
21 3 4 0 0 2 4
96 11 40 5 15 5 23
134 26 50 29 21 26 45
11 1 2 0 0 0 0
19 5 6 0 7 2 5
1765 98 714 234 450 103 200
169 61 75 13 0 51 60
61 1 0 1 0 0 2
315 9 121 11 9 14 31
48 5 13 6 18 2 15
57 35 22 8 13 10 11
15 3 4 1 0 1 3
7 1 0 0 0 0 0
11 7 2 0 0 3 2
55 5 18 2 6 3 8
97 11 36 10 10 10 29
11 18 2 0 0 1 0
11 12 2 0 0 1 0
6 34 1 0 0 0 0
53 1 20 8 32 2 3
11 12 2 0 0 1 0
6 27 1 0 0 0 0
11 1 2 0 0 0 0
1 1 0 0 0 0 0
16 7 3 0 0 14 2
116 3 44 5 12 1 17
11 1 3 0 0 0 0
11 1 3 0 0 0 0
11 1 3 0 0 0 0
11 1 3 0 0 0 0
11 1 3 0 0 0 0
11 1 3 0 0 0 0
11 1 3 0 0 0 1
11 1 3 0 0 0 1
11 1 3 0 0 0 1
11 1 3 0 0 0 1
11 1 3 0 0 0 1
11 1 3 0 0 0 0
11 1 3 0 0 0 1
11 1 3 0 0 0 1
11 1 3 0 0 0 1
11 1 3 0 0 0 1
11 1 3 0 0 0 1
11 1 3 0 0 0 1
11 1 3 0 0 0 1
11 1 3 0 0 0 1
11 1 3 0 0 0 1
11 1 3 0 0 0 0
11 1 3 0 0 0 0
11 1 3 0 0 0 0
11 1 3 0 0 0 0
11 1 3 0 0 0 0
11 1 3 0 0 0 0
11 1 3 0 0 0 0
4 1 1 0 0 0 0
4 1 1 0 0 0 0
444 7 190 12 77 57 133
8 11 2 0 0 1 0
243 12 103 56 77 10 47
22 1 0 0 0 0 0
7 1 0 0 0 0 0
62 1 28 8 18 3 18
510 7 223 65 92 16 127
7 1 0 0 0 0 0
11 3 2 0 0 1 1
11 3 2 0 0 1 1
4 1 0 1 0 0 0
4 1 0 1 0 0 0
68 5 17 6 0 2 12
11 7 2 0 0 3 3
103 7 33 14 14 9 16
1 1 0 0 0 0 0
145 3 54 3 12 1 10
144 19 55 0 0 18 18
50 3 20 7 6 1 0
84 5 34 6 15 3 19
101 9 47 4 25 4 19
445 9 210 6 34 29 73
585 20 265 27 39 38 70
6 4 1 0 0 0 0
6 4 1 0 0 0 0
65 3 17 2 0 4 12
28 9 9 1 0 5 9
79 5 33 2 6 2 59
6 11 1 0 0 0 0
53 11 20 1 3 6 16
521 5 224 39 31 46 117
6 151 1 4 0 0 1
47 5 20 5 5 2 14
45 3 19 2 3 1 16
23 5 8 0 0 2 5
14 3 5 0 12 5 8
54 3 10 0 0 1 0
16 3 3 0 0 1 1
59 7 26 5 12 7 19
33 5 13 36 3 2 24
62 5 26 26 11 5 24
64 5 27 2 10 4 17
17 5 5 1 0 2 9
6 11 1 2 0 5 0
49 16 18 7 9 9 16
127 9 57 4 11 9 131
11 3 2 0 0 1 3
67 3 27 4 15 3 15
31 15 9 0 0 13 7
456 107 127 32 40 84 164
7 1 0 0 0 0 0
224 20 92 21 40 30 26
209 33 86 24 36 49 164
11 5 2 0 0 2 3
52 3 21 0 0 1 20
13 3 3 0 0 1 4
19 3 6 0 3 1 2
11 7 2 0 0 3 3
19 3 6 0 0 1 4
74 3 20 3 5 1 7
122 3 44 6 11 1 16
643 49 261 8 15 59 301
53 3 23 2 3 1 22
25 3 9 0 0 1 9
11 3 2 0 0 1 2
70 5 27 1 0 2 30
13 1 3 0 0 0 3
35 3 14 0 0 1 26
29 3 11 0 0 1 20
130 20 51 18 26 17 23
6 22 1 0 0 0 0
24 1 4 0 0 0 0
41 7 8 0 0 5 6
24 1 4 0 0 0 0
34 5 6 0 0 3 3
6 10 1 0 0 0 0
6 33 1 0 0 0 1
24 1 7 3 6 0 2
18 3 7 0 0 1 2
26 3 5 1 3 1 4
6 1 1 0 0 0 0
62 7 17 0 0 6 8
23 1 8 5 8 0 1
11 1 2 0 0 0 0
9 1 1 1 3 0 0
6 1 1 0 0 0 0
139 23 48 10 18 17 35
75 3 31 4 19 1 2
55 5 18 8 11 4 8
26 3 8 0 13 1 0
209 27 59 8 12 21 20
13 1 3 2 3 0 0
17 3 5 2 3 1 2
18 3 4 0 0 1 0
44 7 8 2 0 6 5
1 43 0 0 0 0 0
80 3 17 3 0 3 9
141 13 43 15 12 8 21
17 9 5 0 0 4 5
15 3 4 0 0 1 3
11 3 2 0 0 1 0
865 21 369 63 116 47 160
29 3 11 1 3 1 8
83 3 38 3 9 6 9
7 1 0 0 0 0 0
154 19 60 4 11 21 16
7 13 0 0 0 0 0
15 3 4 0 5 1 5
45 5 19 2 3 4 7
17 3 5 0 3 1 4
57 5 25 5 3 3 8
103 13 42 8 19 5 7
6 7 1 0 0 0 0
101 14 35 6 12 7 13
28 3 6 2 6 2 6
34 7 12 1 6 8 5
60 7 25 3 12 8 7
34 7 12 1 6 8 5
65 15 29 9 17 7 41
26 3 8 0 3 2 6
45 3 16 11 15 4 13
11 5 2 0 0 2 0
8 7 2 1 0 3 2
1367 29 632 169 331 64 198
136 3 51 8 21 4 18
7 1 0 0 0 0 0
51 5 19 5 3 7 23
1 1 0 0 0 0 0
114 3 46 5 7 1 17
53 3 17 0 0 1 10
83 11 32 4 6 8 22
37 3 15 4 9 1 10
317 49 133 15 33 24 145
198 5 82 23 52 29 19
214 132 96 44 55 60 88
1 1 0 0 0 0 0
180 3 79 18 21 1 33
78 3 22 0 0 1 10
83 11 32 4 6 8 22
49 3 21 6 11 1 12
418 68 175 22 34 43 225
48 7 10 1 0 8 13
8 7 2 1 0 3 2
14 3 2 0 0 12 3
425 4 176 62 122 3 58
1 1 0 0 0 0 0
142 3 60 13 11 1 23
76 3 21 0 0 1 10
83 11 32 4 6 8 22
49 3 21 6 11 1 12
341 66 147 19 34 33 208
1 1 0 0 0 0 0
72 25 31 1 0 16 28
60 9 22 8 3 11 20
26 3 5 5 9 8 15
34 3 9 4 3 2 9
6 5 1 0 0 1 0
12 11 1 21 53 33 17
18 21 4 36 59 51 70
41 3 11 10 16 7 12
19 3 6 5 10 9 3
477 13 187 93 134 23 147
6 22 1 0 0 0 0
277 7 108 27 27 10 37
77 3 29 1 0 6 12
18 7 1 0 0 6 6
20 1 5 0 0 0 0
20 1 5 0 0 0 0
32 3 11 3 3 3 8
65 7 26 15 13 1 23
40 5 9 4 3 11 20
35 7 11 3 3 9 9
62 11 20 0 3 10 16
24 17 7 0 0 14 7
55 7 21 3 3 14 27
23 7 5 1 0 6 9
22 5 6 1 0 5 7
21 1 4 0 0 0 0
53 23 2 1 0 29 14
13 9 3 0 0 4 1
453 57 139 55 97 59 141
7 1 0 0 0 0 0
13 3 2 1 0 1 2
13 7 2 0 0 3 3
315 13 145 24 39 28 49
43 19 12 2 6 16 13
43 3 17 2 5 1 5
20 3 8 0 21 8 14
24 3 6 0 0 1 3
26 3 7 1 0 1 5
186 5 85 16 28 5 46
817 23 363 100 185 29 178
13 3 2 0 0 1 1
13 7 2 0 0 3 3
13 5 2 0 0 2 2
13 7 2 0 0 3 3
91 5 41 8 20 8 21
43 3 17 4 12 5 6
22 7 5 3 3 4 19
73 5 32 5 9 3 13
109 5 45 11 6 6 12
6 9 1 0 0 4 0
635 15 281 45 121 40 156
138 4 61 13 25 1 16
9 493 1 2 0 4 9
96 1 28 11 27 14 12
93 3 43 3 14 1 28
129 3 61 2 11 19 27
357 3 175 15 25 23 51
190 64 51 3 10 30 34
16 1 0 0 0 0 0
28 1 0 0 0 0 0
10 1 0 0 0 0 0
16 1 0 0 0 0 0
45 11 4 3 3 15 17
13 3 3 0 0 1 1
43 9 18 1 0 6 13
31 9 12 1 0 6 13
17 7 5 3 0 3 7
15 7 4 3 0 3 6
11 7 2 1 0 3 3
6 5 1 0 0 2 0
285 11 130 15 23 14 117
1204 93 519 60 114 110 285
6 7 1 0 0 3 0
153 3 73 1 15 1 29
159 3 76 0 11 22 30
195 3 94 4 15 16 30
220 55 69 2 8 53 35
6 13 1 0 0 0 0
68 5 23 1 3 3 37
77 9 28 2 8 6 22
237 7 94 3 9 6 140
13 5 2 1 0 2 7
44 9 14 2 0 4 38
105 3 49 1 0 1 34
126 38 40 5 3 14 30
232 19 105 8 0 0 28
88 7 39 0 0 0 14
88 7 39 1 0 0 7
167 10 77 9 0 0 17
97 10 42 8 0 0 15
82 9 30 2 3 10 13
32 1 11 0 0 0 2
48 11 16 13 20 7 17
13 7 2 0 0 3 3
17 7 4 0 0 3 3
4 1 0 0 0 0 0
15 1 4 0 0 0 0
228 1 118 17 28 10 37
93 6 34 1 0 5 21
184 1 72 18 15 11 27
266 19 122 8 0 5 31
13 3 3 0 3 1 2
13 3 2 0 0 1 1
23 3 7 0 0 1 0
38 3 13 6 0 1 7
19 3 5 1 3 2 7
13 3 2 0 0 1 1
277 39 126 7 10 21 126
21 3 6 0 0 1 10
47 3 16 3 3 1 8
13 3 2 0 0 1 1
23 5 7 0 0 3 11
233 11 101 8 6 8 144
13 3 2 0 0 1 1
21 3 3 0 0 1 1
11 3 1 0 0 1 1
11 3 1 0 0 1 2
29 7 10 0 0 4 11
46 5 17 6 8 2 20
504 25 232 19 33 22 291
27 3 10 0 0 1 16
39 3 15 3 3 2 19
17 3 4 0 0 1 5
361 71 171 3 42 43 500
4 1 0 0 0 0 0
105 11 40 12 10 17 29
15 3 3 0 0 1 2
15 3 3 0 0 1 2
25 3 8 0 0 5 2
19 3 5 0 0 1 5
15 3 3 0 0 1 2
55 9 21 0 0 8 35
71 3 32 5 3 15 32
17 3 4 0 0 9 4
15 5 3 0 0 13 3
53 3 19 0 6 1 6
19 3 5 0 0 2 2
33 3 12 2 0 3 7
15 5 3 1 0 17 2
33 3 12 0 0 12 4
972 59 451 52 68 124 861
33 3 13 2 5 1 16
59 3 26 5 5 1 24
13 3 2 0 0 1 1
13 3 2 0 0 1 1
49 9 17 1 3 4 25
333 39 151 10 6 43 281
182 32 77 23 28 16 34
76 4 33 11 23 25 13
13 1 0 0 0 0 0
55 1 18 28 46 4 8
149 32 47 45 79 106 163
407 61 155 25 82 64 157
6 13 1 0 0 0 0
53 15 2 0 0 8 14
45 19 16 0 0 5 5
24 7 1 0 0 3 6
30 12 1 0 0 4 8
82 23 3 0 0 14 23
4 1 0 0 0 0 0
6 7 1 0 0 0 0
9 1 1 0 0 0 1
271 19 108 18 35 41 46
182 9 80 12 27 19 45
110 13 41 13 15 9 22
20 3 4 2 5 1 0
122 5 47 5 9 12 17
112 15 42 12 25 24 16
83 5 29 9 17 6 13
8 5 2 0 0 2 1
68 5 23 4 16 11 9
60 17 22 8 10 21 14
344 129 131 64 68 160 112
10 1 0 0 0 0 0
62 3 17 5 11 4 4
359 21 149 57 66 18 65
8 5 2 0 0 2 1
15 5 4 0 0 2 2
30 6 7 1 3 3 3
287 18 116 31 30 31 34
31 9 9 2 3 8 8
114 19 43 16 21 16 24
73 11 29 14 18 18 29
34 7 9 3 6 3 7
19 9 7 0 8 4 7
540 31 220 61 122 30 63
161 9 53 10 21 7 29
33 5 13 0 7 2 7
33 5 13 0 7 2 6
384 39 169 36 62 52 74
8 3 2 0 0 1 2
6 5 1 0 0 2 0
11 100 2 0 0 16 0
25 9 6 0 0 7 4
46 3 18 7 11 1 8
4 1 0 0 0 0 0
279 31 112 15 38 27 30
106 8 39 10 26 6 14
12 3 4 0 9 4 6
286 5 78 22 50 16 41
110 9 38 6 19 7 14
30 3 10 0 0 2 3
12 5 1 0 0 2 2
57 5 22 5 11 2 21
176 15 59 10 19 26 19
38 21 14 8 11 16 7
4 1 0 0 0 0 0
4 1 0 0 0 0 0
6 22 1 0 0 0 0
55 1 15 3 0 0 7
13 1 3 1 0 0 1
104 1 29 4 0 0 14
9 39 1 0 0 1 0
510 15 199 52 118 14 136
157 3 60 12 6 1 14
52 19 21 4 0 22 20
85 3 39 6 13 1 23
93 31 10 0 0 18 21
56 3 23 0 3 8 14
1 1 0 0 0 0 0
18 9 4 3 0 1 0
11 3 2 0 0 1 0
356 32 155 16 26 31 50
120 1 43 55 5 1 94
18 13 4 1 0 4 3
143 13 62 23 13 15 60
546 21 250 52 68 27 181
13 1 0 0 0 0 0
687 23 325 81 139 80 227
135 3 64 4 16 12 34
268 97 102 24 12 19 61
153 9 73 6 14 4 15
197 3 95 33 10 8 56
162 5 73 25 5 20 37
15 5 4 0 0 2 5
13 3 3 0 0 1 0
17 3 5 0 0 1 6
13 1 0 0 0 0 0
133 8 57 4 14 3 15
54 16 19 3 3 2 2
7 1 0 0 0 0 0
31 7 6 2 0 3 6
27 3 7 2 6 1 5
6 1 1 0 0 0 0
23 7 5 0 0 5 3
14 3 5 2 3 2 2
7 1 0 0 0 0 0
23 7 5 0 0 5 3
67 19 24 7 11 9 28
499 19 214 51 73 24 86
13 5 3 0 0 2 2
445 5 207 23 69 31 64
24 7 1 0 0 4 2
11 1 2 0 0 0 0
211 21 87 3 27 20 41
95 1 23 2 6 0 1
47 5 17 0 0 2 9
202 33 60 48 56 65 137
132 41 31 27 41 17 33
40 7 9 1 6 2 3
6 19 1 0 0 0 0
56 3 23 7 15 11 2
6 37 1 0 0 0 0
228 6 94 17 50 7 12
55 1 24 5 9 0 2
62 7 17 67 9 12 39
30 3 4 0 0 2 7
9 1 1 0 0 0 0
9 1 1 0 0 0 0
9 1 1 0 0 0 0
9 1 1 0 0 0 0
9 1 1 0 0 0 0
9 1 1 0 0 0 0
9 1 1 0 0 0 0
9 1 1 0 0 0 0
9 1 1 0 0 0 0
9 1 1 0 0 0 0
24 1 4 0 0 0 0
24 1 4 0 0 0 0
24 1 4 0 0 0 0
40 19 12 0 0 17 9
9 1 1 0 0 0 0
62 9 20 2 8 9 11
9 1 1 0 0 0 0
1 1 0 0 0 0 0
186 41 67 40 62 5 27
54 5 22 0 0 6 9
9 1 1 0 0 0 0
9 1 1 0 0 0 0
9 1 1 0 0 0 0
9 1 1 0 0 0 0
37 7 9 2 3 5 4
9 1 1 0 0 0 0
24 1 4 0 0 0 0
9 1 1 0 0 0 0
9 1 1 0 0 0 0
9 1 1 0 0 0 0
28 7 6 0 0 5 3
9 1 1 0 0 0 0
121 7 45 9 14 8 28
24 1 4 0 0 0 0
9 1 1 0 0 0 0
9 1 1 0 0 0 0
9 1 1 0 0 0 0
152 22 35 7 3 36 22
9 1 1 0 0 0 0
9 1 1 0 0 0 0
28 7 6 0 0 5 3
163 43 69 7 13 65 71
54 17 1 0 0 12 16
25 5 9 2 0 3 4
14 21 2 1 0 2 2
598 47 189 71 84 55 174
235 43 48 11 33 44 81
6 7 1 0 0 0 0
67 52 30 7 12 0 16
9 1 1 0 0 0 0
9 1 1 0 0 0 0
160 19 69 10 11 32 31
6 5 1 0 0 0 0
97 21 15 17 15 12 32
90 7 25 2 6 7 14
33 5 7 0 0 2 1
34 5 6 0 0 2 8
9 1 1 0 0 0 0
9 1 1 0 0 0 0
9 1 1 0 0 0 0
9 1 1 0 0 0 0
9 1 1 0 0 0 0
74 39 32 39 63 31 21
68 3 23 8 13 3 38
151 60 63 7 119 28 63
6 9 1 0 0 3 0
9 1 1 0 0 0 0
9 1 1 0 0 0 0
9 1 1 0 0 0 0
9 1 1 0 0 0 0
9 1 1 0 0 0 0
9 1 1 0 0 0 0
9 1 1 0 0 0 0
9 1 1 0 0 0 0
9 1 1 0 0 0 0
42 21 13 0 0 19 10
48 5 19 4 6 4 14
9 239 1 0 0 8 0
618 13 268 98 174 65 101
145 21 54 24 41 17 70
10 1 0 0 0 0 0
23 7 5 0 0 5 3
25 9 6 0 0 7 4
326 15 146 34 71 16 57
166 21 66 19 77 37 63
29 5 11 2 6 2 14
29 5 11 2 6 2 14
348 45 112 48 54 47 118
31 5 12 2 6 2 14
25 3 9 1 3 1 10
9 1 1 0 0 0 0
9 1 1 0 0 0 0
9 1 1 0 0 0 0
317 12 122 49 66 11 108
24 7 7 0 0 3 11
70 9 27 16 15 4 39
70 9 27 16 15 4 39
38 7 11 5 0 3 17
42 7 13 3 0 3 9
24 5 4 3 0 2 6
45 15 13 3 0 7 16
37 11 9 3 3 5 10
46 5 18 9 5 3 26
43 9 12 3 0 4 10
28 9 9 6 0 4 14
43 9 12 1 0 4 9
43 9 12 3 0 4 10
41 11 11 3 6 5 14
45 9 13 4 3 4 18
81 3 31 6 3 2 26
18 3 4 2 3 1 12
18 5 4 0 0 2 3
13 5 3 0 0 2 2
154 1 45 22 57 1 6
87 15 34 8 7 6 34
1542 38 635 207 227 47 367
17 1 5 3 3 0 4
24 7 4 1 0 3 4
45 9 13 3 3 4 12
45 9 13 3 3 4 11
47 11 14 3 3 5 13
43 13 12 3 0 6 12
110 9 44 20 19 4 23
39 11 10 0 0 5 10
39 11 10 0 0 5 10
26 9 8 3 3 5 11
26 9 8 3 3 5 11
43 9 12 3 0 4 10
60 9 22 10 3 4 24
81 17 31 7 5 9 33
20 7 5 1 0 3 5
57 15 19 4 3 8 16
51 15 16 3 0 9 15
49 13 15 3 8 6 11
41 3 11 0 0 1 4
45 11 13 3 3 5 14
13 3 3 0 0 1 1
40 5 15 2 5 2 20
24 7 7 0 0 3 12
43 9 12 3 0 4 10
7 1 0 0 0 0 0
7 1 0 0 0 0 0
7 1 0 0 0 0 0
7 1 0 0 0 0 0
15 1 1 0 0 0 0
7 1 0 0 0 0 0
4 1 0 0 0 0 0
7 1 0 0 0 0 0
7 1 0 0 0 0 0
13 1 0 0 0 0 0
7 1 0 0 0 0 0
10 1 0 0 0 0 0
6 1 1 0 0 0 0
150 1 1 1 0 0 6
150 1 1 1 0 0 6
4 1 0 0 0 0 1
1 1 0 0 0 0 1
30 9 7 0 0 7 4
21 1 4 0 0 0 0
23 3 8 0 0 2 7
85 3 36 3 0 1 28
129 13 55 7 14 6 17
28 3 6 1 3 1 6
27 3 10 1 3 1 6
80 3 35 6 12 1 27
54 5 19 5 0 2 11
28 5 6 2 0 2 7
11 5 2 0 0 2 2
109 5 48 13 0 5 34
26 7 8 4 0 3 9
53 9 17 1 3 4 4
4 1 0 0 0 0 0
18 1 4 1 0 0 1
761 53 278 90 115 79 214
39 5 18 3 5 2 10
148 7 60 12 29 11 33
145 1 0 1 0 0 6
33 28 1 0 0 4 6
50 1 20 3 14 0 3
23 3 8 3 3 1 11
65 3 29 8 12 1 24
154 9 66 17 18 7 56
633 101 214 102 125 91 150
215 3 95 20 39 23 32
504 3 235 31 59 31 83
86 7 29 7 12 2 9
32 3 11 2 6 8 4
27 3 7 0 0 1 2
95 3 38 2 0 1 6
322 6 135 16 24 14 38
1 118 0 0 0 0 0
22 8 3 0 0 10 4
71 13 20 11 8 9 24
31 6 9 3 6 1 4
27 3 4 1 0 1 3
42 3 10 7 9 2 12
11 11 2 0 0 5 6
4 1 0 0 0 0 0
84 15 19 2 3 23 20
163 5 48 25 47 28 67
24 1 4 0 0 0 0
85 7 21 1 0 17 14
24 1 4 0 0 0 0
60 3 13 0 0 1 3
24 1 4 0 0 0 0
96 11 25 2 0 23 28
24 1 4 0 0 0 0
52 3 12 0 0 1 3
24 1 4 0 0 0 0
24 3 4 0 0 1 3
24 1 4 0 0 0 0
54 7 10 0 0 5 9
24 1 4 0 0 0 0
54 7 10 0 0 5 9
24 1 4 0 0 0 0
61 5 15 1 0 7 7
24 1 4 0 0 0 0
91 7 24 3 3 17 16
24 1 4 0 0 0 0
77 7 17 1 0 5 11
24 1 4 0 0 0 0
57 3 13 0 0 1 3
116 7 29 7 15 18 34
24 1 4 0 0 0 0
57 3 13 0 0 1 3
24 1 4 0 0 0 0
39 3 7 0 0 1 3
24 1 4 0 0 0 0
57 3 13 0 0 1 3
24 1 4 0 0 0 0
34 3 6 0 0 1 3
7 1 0 0 0 0 0
9 1 1 0 0 0 0
9 1 1 0 0 0 0
9 1 1 0 0 0 0
9 1 1 0 0 0 0
9 1 1 0 0 0 0
9 1 1 0 0 0 0
45 15 13 2 3 13 8
25 1 0 0 0 0 3
24 1 4 0 0 0 0
51 5 22 8 19 24 13
37 5 15 0 3 2 8
107 5 50 5 16 8 16
26 5 5 1 0 2 3
511 26 189 71 153 96 74
24 1 4 0 0 0 0
26 5 5 0 0 2 2
28 5 6 1 0 2 3
4 1 0 0 0 0 0
226 11 78 26 39 28 52
24 1 4 0 0 0 0
109 9 30 4 3 14 25
24 1 4 0 0 0 0
80 5 23 2 3 4 16
70 5 15 0 0 8 14
24 1 4 0 0 0 0
85 7 21 1 0 17 14
24 1 4 0 0 0 0
88 9 15 1 0 24 21
24 1 4 0 0 0 0
88 9 15 1 0 24 21
15 4 4 1 3 0 2
23 7 5 0 0 5 3
28 7 6 0 0 5 3
198 17 73 15 30 18 34
11 1 2 0 0 0 0
11 1 2 0 0 0 0
39 9 13 3 7 5 5
44 11 17 2 0 8 21
30 9 10 0 0 3 7
39 3 16 2 8 2 5
82 9 36 8 6 8 21
59 21 26 10 5 9 11
72 13 31 8 8 9 28
32 11 11 0 0 5 10
35 3 14 3 6 1 6
22 7 6 0 0 1 3
69 5 31 3 11 4 11
42 11 16 0 3 4 7
36 11 13 0 3 4 5
30 7 10 0 0 1 4
48 9 19 1 3 5 14
26 7 8 0 0 1 6
129 3 61 8 16 5 16
44 13 17 0 3 7 9
38 9 14 0 3 4 6
30 13 10 0 0 5 5
70 5 30 10 8 4 8
62 11 26 3 6 5 11
27 3 10 2 8 2 4
234 16 106 30 43 28 70
27 3 10 3 6 2 6
9 233 1 0 0 15 0
209 3 95 24 57 31 22
162 15 73 13 15 21 46
128 11 59 8 20 6 20
6 1 1 0 0 0 0
145 13 63 14 21 17 25
15 5 4 1 0 2 1
42 5 16 3 3 2 12
45 3 16 3 0 1 13
49 7 18 3 0 5 24
39 9 13 3 0 4 18
469 21 200 72 88 49 139
175 21 66 19 23 13 43
58 7 21 0 0 6 25
61 7 21 7 7 2 26
66 1 28 1 0 4 32
19 5 6 2 5 2 19
308 29 116 4 3 27 183
36 5 10 2 3 2 9
6 7 1 0 0 3 9
360 39 145 20 20 23 246
43 3 18 3 6 1 24
34 3 12 2 3 1 8
27 7 7 2 3 5 19
36 7 13 1 3 4 24
9 5 1 1 3 2 7
24 3 7 1 3 1 10
13 5 3 0 0 2 2
9 3 1 0 0 1 0
43 3 12 2 0 2 15
24 5 7 2 3 2 13
11 3 2 0 0 1 1
97 12 36 0 0 8 49
11 3 2 0 0 1 1
27 3 10 0 7 1 8
13 3 3 0 0 1 1
15 3 4 0 0 1 3
19 3 6 1 0 1 3
29 3 11 0 7 1 9
22 3 6 0 0 1 5
11 5 2 0 0 2 2
11 3 2 0 0 1 1
13 3 3 1 0 1 4
21 5 7 2 3 2 8
7 1 0 0 0 0 0
86 13 29 7 3 6 23
31 5 9 0 0 2 7
17 3 5 1 0 1 2
21 9 7 2 3 4 8
125 14 32 15 32 15 35
249 33 100 4 9 18 157
46 5 18 6 9 2 15
40 7 15 2 3 3 20
17 5 5 0 0 2 5
20 5 5 0 0 2 5
15 3 4 0 0 1 1
19 3 6 0 5 1 7
13 3 3 0 0 1 4
19 3 6 0 5 1 7
24 5 7 0 0 2 7
15 3 4 0 0 1 1
19 3 6 0 5 1 7
142 13 48 11 11 12 21
54 11 19 2 6 5 30
7 1 0 0 0 0 0
46 3 15 2 0 1 15
7 1 0 0 0 0 0
87 5 25 5 6 3 16
4 1 0 0 0 0 0
16 1 0 0 0 0 1
97 13 33 4 12 8 47
36 7 10 0 0 3 22
7 1 0 0 0 0 0
101 7 38 6 6 8 53
17 3 5 2 3 1 6
13 3 3 0 0 1 1
67 11 27 4 9 5 64
179 26 68 5 16 16 67
127 11 57 8 12 6 65
1 1 0 0 0 0 0
11 3 2 0 0 1 0
19 3 6 0 5 1 2
9 3 1 0 0 1 0
18 3 4 0 0 1 4
24 5 7 4 5 2 11
15 3 4 0 0 1 4
40 7 12 2 3 0 3
15 3 4 1 0 1 3
127 3 54 5 6 2 58
15 3 4 0 0 1 9
13 3 3 2 3 1 5
19 7 6 0 0 16 14
13 5 3 0 0 2 2
21 1 7 0 0 0 4
172 21 69 10 15 8 50
13 3 3 1 0 1 2
44 5 17 0 0 2 24
15 3 4 0 0 1 1
11 3 2 0 0 1 1
18 3 4 1 0 1 2
28 5 9 2 3 2 7
50 5 17 1 3 2 7
40 5 15 5 3 2 10
38 3 14 3 3 1 8
14 3 2 0 0 1 2
133 3 54 11 6 1 22
466 33 193 25 116 56 184
23 3 8 3 3 1 5
11 3 2 0 0 1 1
39 9 13 5 3 4 12
17 7 5 1 0 3 5
12 5 4 0 0 1 3
27 7 10 3 0 3 7
19 3 6 1 3 1 2
11 3 2 0 0 1 0
34 3 12 2 3 1 7
21 3 7 0 0 1 2
182 3 83 20 31 4 76
43 5 18 1 0 3 10
11 3 2 0 0 1 1
15 3 4 0 0 1 2
11 3 2 0 0 1 0
35 3 14 2 5 1 18
11 3 2 0 0 1 0
35 3 11 2 0 1 8
11 3 2 0 0 1 1
11 3 2 0 0 1 1
15 3 4 0 0 1 1
45 3 19 3 3 7 17
37 3 15 4 3 1 14
11 3 2 0 0 1 1
55 7 21 3 8 3 40
19 3 3 0 0 1 2
44 3 17 3 3 1 11
276 23 106 3 3 26 181
121 3 51 5 3 2 56
15 3 4 0 0 1 9
13 3 3 1 3 1 4
6 3 1 0 0 1 0
15 3 4 0 0 1 4
15 3 4 1 0 1 3
19 7 6 0 0 16 14
13 5 3 0 0 2 2
56 9 17 0 3 8 14
72 7 28 13 14 5 42
44 3 17 4 6 1 2
35 9 14 3 5 4 15
27 11 7 0 0 9 5
102 13 40 1 24 13 45
17 3 5 2 3 1 6
83 13 35 5 9 11 51
11 3 2 0 0 1 1
328 57 120 17 14 43 182
160 11 69 5 12 5 85
104 9 44 2 6 4 65
55 3 24 19 9 1 20
94 3 42 7 14 1 11
106 7 39 14 23 3 37
22 5 6 2 0 2 5
21 3 7 2 3 1 2
50 5 20 11 9 4 21
22 7 6 3 3 4 12
30 7 7 4 3 4 13
16 7 3 3 0 4 6
16 7 3 3 0 4 6
20 5 5 2 0 2 6
27 3 7 0 0 1 4
16 1 0 2 0 0 0
101 35 23 20 9 13 32
46 4 18 2 3 0 3
23 7 5 0 0 5 3
7 1 0 0 0 0 0
4 1 0 0 0 0 0
155 17 50 18 14 13 45
16 3 3 0 0 4 5
16 5 3 2 0 2 2
31 3 9 3 6 2 10
21 3 7 0 0 1 3
19 3 6 1 0 1 3
82 7 33 4 6 3 67
32 3 11 1 3 1 17
11 3 2 0 0 1 1
19 3 6 0 0 1 4
11 3 2 0 0 1 2
32 5 8 0 0 2 6
27 3 10 3 6 2 18
11 3 2 0 0 1 1
11 3 2 0 0 1 1
51 17 19 4 3 8 30
414 41 157 24 42 34 214
11 3 2 0 0 1 1
11 3 2 0 0 1 1
721 74 279 52 69 63 389
72 5 31 8 15 2 26
78 3 34 9 7 1 29
44 3 17 2 0 1 7
15 3 4 0 0 1 2
15 1 1 0 0 0 1
53 5 20 7 9 5 58
185 24 62 17 21 12 149
7 1 0 0 0 0 1
16 3 3 0 3 1 15
25 21 3 0 0 6 22
19 3 3 1 0 1 10
19 3 3 2 3 1 16
13 3 3 0 0 1 14
148 30 54 23 40 43 189
4 1 0 0 0 0 2
35 20 8 10 6 13 62
20 3 5 1 0 1 23
4 1 0 0 0 0 2
353 48 145 33 42 25 426
4 1 0 0 0 0 2
48 7 13 5 9 4 47
115 13 39 11 12 8 122
169 17 66 13 24 13 120
60 6 22 4 8 11 107
16 3 3 0 0 1 14
42 3 16 5 6 1 80
249 63 76 21 39 46 337
4 1 0 0 0 0 2
76 19 24 5 6 18 95
66 3 22 1 3 1 10
11 3 2 0 0 1 0
33 3 10 1 0 1 7
28 3 6 1 0 1 13
62 1 17 3 0 0 0
13 1 3 1 0 0 0
62 1 17 1 0 0 0
9 52 1 1 0 1 0
206 21 86 2 24 17 50
533 17 209 57 117 20 177
153 5 58 12 6 1 14
36 11 13 2 0 12 10
71 3 32 3 9 1 16
65 23 8 0 0 12 15
54 3 22 1 3 4 12
18 9 4 3 0 1 0
11 3 2 0 0 1 0
342 32 148 16 29 31 50
93 3 43 18 3 5 18
13 1 0 0 0 0 0
510 21 244 60 133 75 155
79 3 36 1 5 2 15
30 13 10 2 0 4 3
615 51 253 69 40 26 159
180 3 82 32 3 12 46
11 3 2 0 0 1 1
15 5 4 0 0 2 5
13 3 3 0 0 1 0
177 7 85 6 14 3 15
19 3 6 0 0 1 5
10 1 0 0 0 0 0
52 16 18 3 3 2 2
7 1 0 0 0 0 0
31 7 6 2 0 3 6
20 1 5 2 6 0 3
6 1 1 0 0 0 0
23 7 5 0 0 5 3
14 3 5 2 3 2 2
7 1 0 0 0 0 0
23 7 5 0 0 5 3
67 19 24 7 11 9 28
398 14 170 46 64 12 74
11 3 2 0 0 1 1
501 7 235 33 87 32 61
6 5 1 0 0 2 0
30 7 1 0 0 4 2
6 1 1 0 0 0 0
95 1 23 2 6 0 1
102 7 40 5 6 4 22
27 1 7 6 5 0 0
314 21 128 35 89 53 43
198 33 58 48 56 187 137
132 42 31 27 38 16 33
6 19 1 0 0 0 0
56 3 23 7 15 11 2
154 6 60 12 33 2 10
55 1 24 5 9 0 2
30 3 4 0 0 2 7
500 12 224 38 53 22 69
163 23 42 7 6 18 31
403 1 198 68 33 37 2
97 21 15 6 6 22 28
49 11 6 0 3 13 10
35 7 5 0 3 7 6
38 11 8 1 9 14 8
59 15 5 1 6 15 13
18 5 1 0 0 2 2
24 7 1 0 0 3 3
69 5 25 9 17 10 15
168 27 52 17 44 36 36
16 1 3 2 5 0 0
7 1 0 0 0 0 0
32 3 8 2 12 1 2
72 1 34 24 41 0 2
44 5 14 5 22 2 5
42 1 13 7 32 0 0
6 1 1 0 3 0 0
4 1 0 0 3 0 1
66 3 22 7 32 1 9
51 1 20 1 14 1 1
13 7 4 0 3 3 2
13 7 4 0 3 3 2
13 7 4 0 3 3 2
36 1 7 0 6 0 4
37 3 9 3 12 1 7
42 3 10 3 15 1 7
20 1 8 0 3 0 4
16 1 6 0 3 0 2
22 7 6 3 9 3 9
106 1 48 14 65 33 2
41 7 8 2 3 5 4
35 3 11 3 9 1 2
23 1 5 0 3 0 1
15 3 4 1 3 1 3
15 3 4 1 3 1 3
108 15 37 9 34 7 19
32 9 2 3 6 7 6
79 3 30 15 38 1 4
1 1 0 0 0 0 0
37 1 15 4 12 6 2
41 1 17 6 13 6 0
61 1 27 9 18 3 1
77 1 35 11 22 0 0
153 1 73 15 36 0 2
10 3 3 0 6 3 4
137 1 65 19 40 16 0
39 1 16 4 11 4 0
39 1 16 4 11 4 0
33 1 13 4 9 2 0
29 1 11 4 9 2 0
57 1 25 3 10 9 2
4 1 0 0 0 0 0
17 1 5 1 10 0 2
10 3 3 0 6 3 4
25 1 9 2 7 0 3
111 1 52 7 18 0 2
10 3 3 0 6 3 4
15 1 4 1 5 0 2
10 3 3 0 6 3 4
109 1 51 8 20 0 2
10 3 3 0 6 3 4
73 1 33 5 15 0 2
10 3 3 0 6 3 4
89 1 41 10 25 0 2
10 3 3 0 6 3 4
19 1 6 1 5 0 0
11 5 2 0 3 2 1
59 1 26 7 21 0 0
13 7 3 0 3 3 2
55 1 24 4 15 0 2
10 3 3 0 6 3 4
33 5 7 2 9 3 0
39 1 16 4 12 5 0
33 1 13 6 13 0 0
27 1 10 4 11 0 0
51 1 22 11 19 0 0
18 1 4 0 3 0 0
41 1 17 3 7 6 0
35 1 14 3 7 4 2
28 1 9 3 9 0 0
39 1 16 5 17 6 0
43 1 18 7 19 0 0
11 1 2 0 3 0 0
25 1 9 3 9 1 0
43 1 18 4 11 1 0
23 1 8 4 7 0 0
13 9 3 0 3 4 6
19 1 6 5 7 0 1
29 1 11 0 3 5 0
25 1 9 3 10 0 2
10 3 3 0 6 3 4
23 1 8 1 9 0 2
10 3 3 0 6 3 4
25 1 9 3 9 2 1
99 1 46 20 43 19 19
64 1 27 13 29 2 1
7 1 0 0 0 0 0
67 15 9 3 12 8 9
51 5 16 9 13 2 4
11 9 2 0 3 4 3
148 7 63 27 48 10 22
305 17 149 33 64 29 90
18 3 1 0 0 1 0
267 15 130 35 43 14 62
4 1 0 0 0 0 0
4 1 0 0 0 0 0
58 1 0 0 0 0 0
25 9 6 0 0 7 4
106 11 21 7 41 7 9
160 1 51 0 106 0 0
51 19 1 0 0 9 7
50 9 8 3 6 8 12
12 1 1 0 0 0 0
39 13 1 4 3 10 10
21 5 4 0 0 2 3
35 11 2 1 5 7 5
76 11 21 8 16 7 13
70 15 9 10 26 14 17
31 7 3 2 3 7 4
54 5 19 8 10 5 7
46 5 15 9 8 5 8
34 3 12 6 13 1 2
34 3 12 7 13 1 2
40 19 12 6 11 27 16
10 1 3 3 5 0 0
29 7 11 3 5 3 8
1 1 0 0 0 0 0
46 7 15 14 16 3 17
27 5 7 0 3 2 2
206 17 83 26 47 27 89
53 15 2 1 5 8 9
23 3 5 0 0 1 6
16 1 0 0 0 0 0
28 1 0 0 0 0 1
7 1 0 0 0 0 0
10 1 0 0 0 0 0
4 1 0 0 0 0 0
212 27 71 20 55 24 99
335 27 122 28 94 23 42
25 3 9 0 5 1 3
68 7 26 1 0 4 66
74 9 32 1 6 13 67
1 1 0 0 0 0 0
25 13 3 0 0 9 0
11 5 2 2 3 2 4
203 13 71 21 57 10 90
80 7 20 4 21 4 14
32 5 11 4 9 3 4
13 1 3 2 5 0 1
123 7 52 22 51 3 32
168 13 67 23 49 15 22
16 1 6 4 5 2 1
105 15 31 22 48 16 28
45 1 19 10 10 2 7
103 21 27 7 9 13 26
43 34 12 4 8 14 14
101 19 35 19 27 14 45
10 1 0 0 0 0 0
4 1 0 0 0 0 0
54 8 13 6 13 5 7
75 17 16 3 9 11 16
4 1 0 0 0 0 0
421 25 159 28 60 34 119
13 3 3 0 5 1 4
23 3 8 2 5 1 5
51 17 1 0 0 16 7
103 1 42 0 0 0 0
244 19 93 70 148 13 49
26 5 8 1 6 2 6
77 1 23 25 32 0 9
21 1 7 2 11 8 0
13 3 3 0 0 1 1
18 1 4 4 8 0 0
80 1 29 1 27 36 1
35 9 11 21 19 23 24
41 11 14 6 6 31 28
4 5 0 0 0 2 0
63 1 25 11 40 9 7
67 1 24 0 6 0 5
101 1 47 13 30 4 6
10 1 3 1 3 0 0
58 15 21 13 30 13 18
82 5 21 2 53 3 9
38 3 2 0 3 1 0
26 3 8 1 6 3 2
79 7 24 14 14 5 15
51 3 22 13 19 1 8
18 3 4 3 5 1 0
144 13 58 23 57 14 48
51 19 1 0 0 12 7
33 11 1 1 3 4 6
100 3 42 25 70 25 16
104 19 44 22 28 27 30
20 1 8 0 3 5 2
18 1 7 0 3 0 2
4 1 0 0 0 0 0
24 1 10 7 7 0 4
147 13 64 48 129 29 35
106 1 42 16 33 1 2
79 9 36 4 9 18 19
95 11 44 5 12 21 23
143 3 62 22 54 1 15
9 1 1 0 0 0 0
34 3 12 10 13 1 9
19 1 6 4 8 0 2
17 3 5 4 6 1 5
10 3 3 1 3 1 0
27 5 7 3 11 2 5
15 7 1 0 0 3 3
70 1 21 27 46 0 21
31 1 12 2 6 0 8
87 17 22 12 27 19 37
24 1 10 3 5 0 2
124 1 48 19 44 4 8
47 1 20 4 19 0 4
85 1 33 18 32 0 19
56 1 11 2 8 0 1
8 1 2 2 3 0 2
75 1 28 10 18 0 16
27 3 7 4 6 1 2
46 9 12 2 19 13 26
271 11 93 27 55 7 33
31 7 12 2 9 3 11
31 7 12 2 9 3 11
23 5 8 2 8 2 5
155 27 59 95 55 31 86
107 7 41 29 52 8 15
99 3 37 9 31 5 5
14 3 5 3 5 1 2
97 11 42 22 57 6 25
40 5 9 1 9 7 6
16 3 3 1 3 1 2
113 5 29 3 21 6 12
760 1 369 32 279 156 17
4 1 0 0 0 0 0
100 9 42 4 43 15 10
64 3 27 4 13 1 16
37 3 15 1 23 1 7
17 3 5 2 8 1 4
13 5 3 0 3 2 2
14 1 2 0 3 1 0
47 5 17 9 15 2 8
76 7 27 13 34 6 8
24 7 7 3 6 7 9
17 1 5 1 5 0 0
115 7 51 6 14 45 51
61 3 27 4 14 1 27
295 9 114 30 68 10 66
11 3 2 0 3 1 2
17 3 5 0 3 1 7
13 3 3 0 3 1 4
13 7 3 0 3 3 4
54 1 22 13 21 8 3
30 9 1 0 0 4 8
107 1 47 9 44 10 0
35 5 11 2 6 2 4
4 1 0 0 0 0 0
15 5 4 0 3 2 2
40 7 12 3 6 3 6
23 5 8 1 5 2 6
7 1 0 0 0 0 0
21 1 7 0 10 0 2
10 3 3 0 6 3 4
25 1 9 3 10 2 3
18 1 4 2 10 0 0
26 3 5 0 3 1 1
113 43 5 2 9 22 31
169 21 51 8 38 16 50
24 3 7 2 8 1 3
13 3 3 0 3 1 1
23 22 5 0 0 8 4
13 7 3 0 8 0 1
13 3 3 0 0 1 1
222 14 94 16 29 10 20
13 1 0 0 0 0 0
52 5 15 9 26 2 13
125 1 59 26 115 57 0
345 13 136 56 177 26 25
15 7 1 0 0 3 3
55 3 15 4 13 2 6
55 7 15 5 11 7 13
97 1 18 0 3 0 0
133 9 48 26 60 5 16
279 11 97 47 134 9 36
105 9 37 9 52 7 14
21 1 4 0 0 0 0
64 23 18 6 15 16 20
54 9 19 3 16 5 12
15 1 1 0 0 0 0
14 1 2 0 0 0 0
217 37 63 28 57 34 68
6 11 1 0 0 5 0
6 1 1 0 0 0 0
14 5 2 0 3 2 0
36 1 13 3 9 0 10
26 1 8 1 5 0 6
46 1 18 6 12 0 10
16 1 3 0 3 0 1
40 1 15 5 9 0 11
16 1 3 0 3 0 1
58 9 24 10 18 9 16
40 5 15 5 18 7 8
44 1 17 7 10 0 7
79 17 18 8 18 14 11
13 1 0 0 0 0 0
4 1 0 0 0 0 0
7 1 0 0 0 0 0
7 1 0 0 0 0 0
10 1 0 0 0 0 0
10 1 0 0 0 0 0
7 1 0 0 0 0 0
16 3 3 1 3 1 2
956 25 449 16 317 174 32
6 1 1 0 22 0 0
78 7 31 5 20 3 9
11 3 2 0 3 1 0
8 1 2 2 5 0 0
22 1 0 5 0 0 0
16 1 6 1 5 0 6
113 15 47 8 20 7 61
16 1 0 0 0 0 0
66 1 19 3 20 0 20
24 3 10 0 0 1 0
18 3 7 0 0 1 0
21 1 4 0 12 0 0
13 5 3 0 3 2 2
31 1 12 0 6 2 0
21 1 7 0 10 0 2
10 3 3 0 6 3 4
25 1 9 3 10 2 3
20 1 5 2 12 0 0
121 1 57 3 38 22 2
112 1 48 3 21 1 0
11 5 2 7 3 2 3
50 5 20 11 11 2 8
63 5 25 11 13 2 6
93 11 34 11 25 7 23
80 1 35 18 19 2 10
53 1 23 3 11 0 17
11 9 2 2 5 4 6
72 1 25 5 24 0 8
11 3 2 0 3 1 1
52 1 18 1 15 3 5
11 1 2 1 8 0 0
17 3 5 1 6 2 3
89 5 29 5 15 2 9
95 31 29 6 23 29 56
64 9 24 4 5 8 15
17 1 5 2 5 0 0
7 1 0 0 0 0 0
226 21 75 16 64 19 68
34 7 9 5 6 5 1
80 5 26 4 14 4 13
15 3 4 0 3 1 4
10 1 0 0 0 0 0
20 5 5 2 3 3 6
25 5 6 3 13 8 4
13 3 3 0 3 1 1
161 1 65 20 66 1 5
54 19 1 0 0 9 14
43 5 9 8 15 2 11
23 22 5 0 0 8 4
49 1 21 0 8 0 1
158 11 50 14 71 4 37
17 1 5 0 3 0 0
1 1 0 0 0 0 0
4 1 0 1 0 0 0
70 9 18 10 27 6 17
95 1 38 12 35 1 4
187 17 78 7 3 39 32
30 9 10 1 0 4 6
16 1 3 0 0 0 0
12 5 1 0 0 2 2
34 7 12 2 6 2 1
6 1 1 0 0 0 0
11 3 2 0 0 1 0
44 17 14 1 11 20 42
72 1 31 4 11 9 12
21 1 7 0 10 0 2
10 3 3 0 6 3 4
18 1 4 2 10 0 0
123 3 31 6 9 2 9
144 9 64 17 27 22 47
33 11 1 0 0 6 3
17 7 5 0 0 3 5
124 17 54 7 15 9 15
69 5 31 14 19 2 17
161 25 50 16 44 22 64
175 23 54 5 36 15 40
21 3 7 2 0 1 4
146 1 50 9 21 7 11
176 15 65 13 45 14 85
24 13 7 2 5 6 4
46 17 15 2 11 20 43
58 9 21 6 14 6 14
13 5 3 0 0 2 3
15 7 4 0 0 3 4
33 3 13 2 5 1 6
15 5 4 0 0 2 3
17 9 5 0 0 4 5
188 27 53 6 39 18 45
27 3 10 4 6 2 7
15 3 4 0 0 1 4
21 3 7 2 0 1 4
7 1 0 0 0 0 0
200 30 68 12 51 25 35
23 7 5 2 3 5 6
30 5 4 1 0 4 7
7 1 0 0 0 1 1
19 1 0 0 0 0 6
69 7 16 4 6 20 13
48 5 10 3 3 34 10
90 5 25 4 3 17 11
91 7 33 5 0 3 14
114 5 43 18 22 3 30
10 3 3 0 6 3 4
210 17 76 10 21 45 53
23 7 5 0 0 5 3
11 18 2 0 0 1 0
25 5 6 0 0 2 6
126 11 37 10 12 10 21
14 7 2 0 0 10 0
4 1 0 0 0 0 1
4 1 0 0 0 0 3
31 1 6 0 0 0 10
21 1 1 0 0 0 5
16 1 0 0 0 0 5
68 6 20 3 19 2 16
31 1 6 0 0 0 10
11 1 2 1 3 0 1
16 1 3 0 0 0 0
6 19 1 0 0 0 0
621 66 247 70 86 71 232
24 1 4 0 0 0 0
117 21 49 13 24 45 85
202 49 63 31 21 39 75
15 3 3 1 0 1 4
6 1 1 0 0 0 0
24 1 4 0 0 0 0
28 5 6 2 0 3 3
952 103 333 120 42 76 279
17 3 5 1 5 1 7
11 3 2 0 0 1 1
9 12 1 0 0 1 0
6 11 1 0 0 0 0
710 42 299 97 115 35 159
4 1 0 0 0 0 0
19 1 0 0 0 0 6
4 1 0 0 0 0 0
68 4 2 0 0 2 3
11 3 2 0 0 1 1
13 3 2 0 0 1 4
13 7 2 0 0 3 6
13 7 2 0 0 3 6
19 5 2 1 0 3 7
1767 96 772 365 282 136 576
24 1 4 0 0 0 0
34 9 9 0 0 4 5
95 13 29 9 6 7 24
24 1 4 0 0 0 0
91 25 36 10 21 30 52
163 17 66 24 26 11 48
1 1 0 0 0 0 0
15 3 4 0 0 1 2
24 1 4 0 0 0 0
51 5 16 0 0 2 2
21 9 1 0 0 4 4
264 17 109 25 12 17 105
78 22 1 0 0 0 0
11 3 2 0 0 1 7
11 3 2 0 0 1 8
237 32 94 22 28 20 168
10 1 0 0 0 0 0
27 1 1 0 0 1 1
318 31 142 62 10 34 150
475 23 207 55 55 25 98
13 1 0 0 0 0 2
68 1 26 8 16 0 13
35 1 8 2 0 0 7
107 9 38 8 15 2 28
24 1 4 0 0 0 5
33 1 10 1 0 0 7
6 7 1 6 0 3 0
22 3 3 16 0 4 0
22 3 3 16 0 4 0
127 37 15 206 9 42 42
28 3 6 18 0 5 1
4 1 0 7 0 0 0
11 1 2 22 0 1 7
11 1 2 24 0 0 12
11 1 2 27 0 0 15
27 1 10 83 8 0 41
16 9 3 29 0 2 5
20 21 5 56 7 4 4
51 1 22 69 12 0 22
53 1 23 71 12 0 22
103 3 42 124 15 1 26
6 4 1 0 0 0 0
216 15 70 26 18 26 67
161 14 50 16 29 6 75
7 1 0 0 0 0 0
55 1 21 9 17 0 0
26 1 8 2 3 0 2
14 1 2 0 0 0 0
60 9 19 5 5 3 12
31 4 12 1 3 0 10
11 1 2 0 0 0 0
6 1 1 0 0 0 0
4 1 0 0 0 0 1
15 1 4 0 0 0 3
15 1 4 0 0 1 3
15 1 4 0 0 1 3
167 10 56 11 9 8 49
11 1 2 0 0 0 2
11 1 2 0 0 0 2
44 9 11 0 0 4 11
121 17 42 18 16 16 45
18 1 4 2 5 0 1
11 1 2 0 0 0 0
11 1 2 0 0 0 0
176 15 53 14 3 14 34
10 1 0 0 0 0 0
29 1 8 0 0 0 0
16 1 3 0 0 0 0
11 1 2 0 0 0 0
30 24 7 2 5 3 4
16 1 3 0 0 0 0
11 1 2 0 0 0 0
16 3 3 1 0 1 1
4 1 0 0 0 0 0
145 15 36 5 3 19 22
15 3 3 0 3 1 2
6 5 1 0 0 2 0
23 7 8 0 0 2 2
210 24 91 30 47 11 54
23 3 8 0 0 1 2
21 3 6 0 0 1 4
25 3 8 0 5 1 4
10 3 3 0 6 3 4
6 5 1 0 0 2 0
18 1 4 0 5 0 7
25 9 6 0 0 7 4
11 3 2 0 0 0 0
151 37 36 4 3 14 36
6 4 1 0 0 0 0
34 1 12 4 8 0 0
13 1 3 1 5 0 2
4 1 0 0 0 0 0
11 1 2 0 0 0 0
11 1 2 0 0 0 0
11 1 2 0 0 0 0
31 3 9 3 7 4 8
13 1 3 1 5 0 2
13 1 3 1 5 0 2
11 1 2 0 0 0 0
1 1 0 0 0 0 0
16 3 3 0 0 1 0
11 3 2 0 0 1 0
35 3 5 0 0 3 8
41 1 8 0 0 0 2
22 1 0 0 0 0 1
48 3 10 1 3 2 10
41 1 8 0 0 0 2
16 3 3 0 0 1 2
13 1 3 1 0 0 1
7 1 0 0 0 0 0
21 3 4 0 0 1 3
11 1 2 0 0 0 0
140 5 56 10 18 26 28
35 1 14 4 3 0 4
38 5 11 3 6 2 7
136 11 33 35 37 35 97
164 17 53 20 13 25 44
129 11 31 36 37 32 96
70 17 21 40 58 12 6
21 1 4 0 0 0 4
15 1 1 0 0 0 2
10 1 0 0 0 0 2
32 51 8 1 3 2 9
21 1 4 0 0 0 4
13 5 2 0 0 2 1
38 1 8 0 0 0 6
28 1 3 0 0 0 2
19 1 0 0 0 0 2
13 3 3 0 0 1 0
41 3 8 1 3 2 11
13 3 2 0 0 1 1
4 1 0 0 0 0 0
36 1 7 0 0 0 4
241 1 48 0 0 0 22
181 1 0 0 0 0 12
71 1 14 0 0 0 2
188 1 2 0 0 0 12
363 74 82 11 23 4 154
241 1 48 0 0 0 22
71 1 14 0 0 0 2
4 1 0 0 0 0 0
35 5 10 2 6 2 6
13 1 3 0 0 0 0
9 1 1 0 0 0 0
32 5 5 1 3 4 4
23 3 4 0 0 1 3
10 1 0 0 0 0 0
11 1 2 0 0 0 0
213 1 43 0 0 0 30
26 1 5 0 0 0 4
139 1 0 0 0 0 17
11 1 2 0 0 0 0
146 1 2 0 0 0 17
268 5 57 10 19 5 138
211 1 42 0 0 0 30
26 1 5 0 0 0 4
11 1 2 0 0 0 0
45 5 9 0 0 2 7
55 1 12 0 0 0 1
34 1 0 0 0 0 1
57 5 12 1 3 2 12
25 1 6 1 3 0 2
39 1 1 0 0 0 1
67 7 15 2 5 5 26
43 3 8 0 0 1 7
22 1 0 0 0 0 0
51 1 10 0 0 0 0
53 3 10 0 0 1 11
28 1 0 0 0 0 1
21 1 4 0 0 0 2
13 1 0 0 0 0 0
44 3 17 2 5 2 9
221 56 86 40 51 56 120
28 3 6 0 0 1 4
35 3 8 1 3 2 5
28 7 6 16 15 0 0
21 1 4 5 0 0 0
10 1 0 2 0 0 0
42 3 10 11 3 2 8
21 1 4 5 0 0 0
9 1 1 0 0 0 0
11 1 2 0 0 0 0
4 1 0 0 0 0 0
18 3 4 1 3 2 2
12 1 1 0 0 0 0
16 1 3 0 0 0 0
7 1 0 0 0 0 0
23 18 5 1 3 2 3
16 1 3 0 0 0 0
31 1 6 4 3 0 6
31 1 6 0 0 0 8
16 1 0 0 0 0 4
48 30 10 1 3 2 18
31 1 6 0 0 0 8
88 9 12 2 0 1 7
15 3 3 0 0 1 5
15 3 3 0 0 1 5
189 57 70 16 21 25 116
1 1 0 0 0 0 0
58 5 18 4 0 2 29
4 1 0 0 0 0 1
11 1 2 0 0 0 2
11 1 2 0 0 0 2
343 44 141 30 26 30 255
19 6 6 1 3 1 6
15 1 4 0 0 0 4
16 1 3 0 0 0 4
16 1 3 0 0 0 4
7 1 0 0 0 0 2
23 3 5 1 3 2 7
16 1 3 0 0 0 4
91 1 9 0 0 0 10
16 1 3 0 0 0 2
21 1 4 0 0 0 4
40 1 9 0 0 0 2
16 1 3 0 0 0 2
58 1 12 1 3 0 4
67 1 0 0 0 0 5
131 33 29 5 11 6 33
16 1 3 0 0 0 2
21 1 4 0 0 0 4
36 1 7 0 0 0 0
56 1 11 0 0 0 4
16 1 3 0 0 0 2
11 1 2 0 0 0 2
11 1 2 0 0 0 2
4 1 0 0 0 0 1
18 3 4 1 3 2 4
11 1 2 0 0 0 2
11 1 2 0 0 0 0
4 1 0 0 0 0 0
9 1 1 0 0 0 0
18 3 4 1 3 2 2
11 1 2 0 0 0 0
14 1 2 0 0 0 2
9 1 1 0 0 0 1
13 3 3 0 0 1 2
1 1 0 0 0 0 0
6 11 1 0 0 0 0
19 13 6 0 0 3 1
89 3 38 15 14 1 29
4 1 0 0 0 0 0
10 1 0 0 0 0 0
21 3 4 0 0 1 2
4 1 0 0 0 0 0
24 1 4 0 0 0 0
56 9 20 1 0 4 5
15 1 1 0 0 0 0
18 1 4 2 5 0 7
1543 166 640 383 453 184 850
1 1 0 0 0 0 2
16 3 3 1 0 1 10
21 3 4 2 0 3 26
156 25 43 37 44 18 182
13 1 0 0 0 0 3
27 3 7 3 3 5 41
30 1 1 0 0 0 3
46 1 9 0 0 0 11
25 1 0 0 0 0 2
50 5 11 1 3 3 61
48 1 10 0 0 0 19
38 7 8 0 0 11 27
11 1 2 0 0 0 11
63 3 13 1 3 3 56
11 1 2 0 0 0 5
13 3 3 0 0 1 7
16 3 3 0 0 1 7
18 5 3 0 0 2 20
13 5 2 0 0 2 16
90 1 19 5 0 0 34
21 1 4 0 0 3 7
55 1 0 2 0 1 5
60 1 1 3 0 2 6
98 3 20 7 5 6 98
18 3 3 0 0 1 16
13 3 2 0 0 1 12
4 1 0 0 0 0 2
7 1 0 0 0 0 2
92 1 20 5 0 0 50
13 1 3 0 0 0 6
21 1 4 0 0 3 8
4 1 0 0 0 0 2
4 1 0 0 0 0 2
106 13 30 13 17 14 103
14 7 2 0 0 10 0
583 64 264 118 208 84 371
21 3 7 2 5 1 7
79 22 24 1 14 12 21
21 3 4 1 0 5 1
71 11 32 8 15 19 9
171 13 61 10 31 17 43
65 7 20 17 26 5 1
6 4 1 0 0 0 0
6 19 1 0 0 0 0
6 1 1 0 0 0 0
6 40 1 0 0 0 0
6 16 1 0 0 0 0
6 412 1 0 0 1 0
6 406 1 4 0 0 0
6 97 1 1 0 0 0
6 229 1 4 0 0 0
6 49 1 0 0 0 0
6 1 1 0 0 0 0
76 7 21 7 12 4 26
164 13 50 31 32 8 40
180 15 73 14 35 23 23
181 1 78 14 42 38 9
149 7 65 11 15 5 37
6 7 1 0 0 3 0
42 5 13 5 6 2 10
247 37 105 23 28 29 83
9 3 1 0 0 6 0
98 3 38 3 9 1 24
83 3 29 0 0 2 23
25 3 9 1 0 1 3
59 7 26 4 6 5 14
25 5 9 1 0 4 4
29 3 11 0 0 1 0
24 3 7 0 0 1 2
272 18 103 8 28 20 56
233 43 92 8 30 32 49
59 3 26 6 5 1 16
82 25 30 2 3 13 8
28 1 0 0 0 0 0
10 1 0 0 0 0 0
15 3 4 0 7 1 6
89 18 29 4 6 10 19
112 13 48 7 3 11 16
91 3 30 9 3 9 28
21 3 7 0 7 1 6
48 14 16 5 9 9 10
31 3 12 0 7 1 18
13 5 3 0 3 2 2
119 26 38 4 3 23 20
76 5 21 103 199 45 131
20 3 5 0 0 1 4
4 1 0 0 0 0 0
4 1 0 0 0 0 0
15 7 4 0 0 3 0
120 9 40 15 21 10 39
133 1 51 30 80 21 23
61 1 9 3 9 3 25
42 3 7 0 3 4 6
6 3 1 0 0 0 0
48 1 19 10 12 0 7
27 1 7 14 21 0 6
6 16 1 0 0 0 0
6 16 1 0 0 0 0
4 1 0 0 0 0 0
49 5 15 2 3 3 7
57 1 22 1 0 5 1
85 1 33 6 5 5 2
29 1 11 1 0 0 3
1 1 0 0 0 0 0
6 4 1 0 0 0 0
6 4 1 0 0 0 0
19 1 0 0 0 0 0
15 3 1 0 0 2 2
13 9 0 0 0 0 2
12 3 1 0 0 1 2
19 1 3 0 0 0 2
98 9 32 4 6 19 22
110 9 35 16 22 11 37
26 3 5 0 0 3 4
1 19 0 0 0 0 0
34 7 9 0 0 7 8
1 31 0 0 0 0 0
29 3 5 0 0 0 1
39 3 10 1 3 2 4
6 1 1 0 0 0 0
28 1 0 0 0 0 1
7 1 0 0 0 0 0
1 1 0 0 0 0 0
47 5 14 5 5 4 10
49 11 15 2 3 8 11
6 1 1 0 0 0 0
43 11 12 1 3 4 8
29 1 5 0 0 0 1
6 1 1 0 0 0 0
37 3 9 1 3 2 4
19 1 3 0 0 0 1
6 1 1 0 0 0 0
23 3 5 2 0 3 2
265 7 111 33 75 5 49
66 7 22 17 16 10 20
24 1 7 0 0 4 4
6 14 1 0 0 0 0
58 5 15 11 12 10 12
58 5 15 11 12 10 12
79 7 27 17 19 14 21
60 4 25 6 5 10 16
13 28 0 0 0 0 0
52 14 18 11 17 8 15
48 9 16 8 7 8 16
33 3 7 3 3 3 5
40 5 12 8 7 4 12
33 3 7 3 3 3 5
1 1 0 0 0 0 0
11 1 2 1 0 0 0
11 1 2 0 0 0 0
4 1 0 0 0 0 0
22 1 6 1 3 0 1
114 1 46 4 11 14 18
21 1 7 9 10 0 2
7 1 0 0 0 0 2
28 1 9 2 6 0 8
6 4 1 1 0 0 0
32 1 11 5 5 0 2
188 24 86 8 12 18 22
22 3 3 0 0 1 5
28 7 6 0 0 3 10
57 1 19 10 15 0 0
23 7 5 0 0 5 3
130 13 57 15 20 0 2
135 1 61 19 66 26 4
56 7 17 4 6 3 6
274 37 129 42 54 6 79
219 3 100 34 52 15 29
15 3 4 0 0 2 4
6 11 1 0 0 4 0
4 1 0 0 0 0 0
381 48 166 58 52 32 115
395 64 182 65 90 2 56
15 3 4 0 0 1 5
363 30 151 21 32 31 41
221 5 104 7 9 2 19
119 11 41 20 19 17 37
4 1 0 0 0 0 0
7 1 0 0 0 0 0
109 22 42 20 28 15 33
30 3 7 0 0 3 9
39 5 10 0 0 4 8
52 3 18 1 3 1 3
22 5 6 2 6 2 6
26 7 8 2 0 3 6
11 3 2 0 0 1 2
15 5 4 0 0 2 1
7 1 0 0 0 0 0
4 1 0 0 0 0 0
119 7 35 12 23 8 20
4 1 0 0 0 0 0
49 11 12 6 6 11 12
600 57 260 85 175 23 107
18 3 4 0 0 1 0
11 5 2 0 0 2 2
22 10 3 0 0 3 4
20 3 2 0 0 2 3
142 3 57 12 15 8 18
1 1 0 0 0 0 0
25 3 9 1 8 1 1
4 1 0 0 0 0 0
46 9 9 3 0 5 13
6 25 1 0 0 9 0
6 5 1 0 0 2 0
245 9 113 10 15 1 36
21 3 7 1 0 1 3
90 9 34 11 15 5 18
31 3 12 3 0 1 7
245 11 110 30 24 6 48
11 3 2 2 0 1 2
7 1 0 0 0 0 0
74 5 32 4 11 4 12
84 17 22 9 10 12 21
70 4 30 6 12 1 2
4 1 0 0 0 0 0
57 19 16 13 11 17 30
16 1 3 0 0 0 4
26 1 8 5 3 0 11
44 13 17 8 6 0 4
19 3 6 0 0 1 4
74 13 26 3 8 11 16
21 3 4 0 0 2 4
96 11 40 5 15 5 23
134 26 50 29 21 26 45
11 1 2 0 0 0 0
19 5 6 0 7 2 5
1765 98 714 234 450 103 200
169 61 75 13 0 51 60
61 1 0 1 0 0 2
315 9 121 11 9 14 31
48 5 13 6 18 2 15
57 35 22 8 13 10 11
15 3 4 1 0 1 3
7 1 0 0 0 0 0
11 7 2 0 0 3 2
55 5 18 2 6 3 8
97 11 36 10 10 10 29
11 18 2 0 0 1 0
11 12 2 0 0 1 0
6 34 1 0 0 0 0
53 1 20 8 32 2 3
11 12 2 0 0 1 0
6 27 1 0 0 0 0
11 1 2 0 0 0 0
1 1 0 0 0 0 0
16 7 3 0 0 14 2
116 3 44 5 12 1 17
11 1 3 0 0 0 0
11 1 3 0 0 0 0
11 1 3 0 0 0 0
11 1 3 0 0 0 0
11 1 3 0 0 0 0
11 1 3 0 0 0 0
11 1 3 0 0 0 1
11 1 3 0 0 0 1
11 1 3 0 0 0 1
11 1 3 0 0 0 1
11 1 3 0 0 0 1
11 1 3 0 0 0 0
11 1 3 0 0 0 1
11 1 3 0 0 0 1
11 1 3 0 0 0 1
11 1 3 0 0 0 1
11 1 3 0 0 0 1
11 1 3 0 0 0 1
11 1 3 0 0 0 1
11 1 3 0 0 0 1
11 1 3 0 0 0 1
11 1 3 0 0 0 0
11 1 3 0 0 0 0
11 1 3 0 0 0 0
11 1 3 0 0 0 0
11 1 3 0 0 0 0
11 1 3 0 0 0 0
11 1 3 0 0 0 0
4 1 1 0 0 0 0
4 1 1 0 0 0 0
444 7 190 12 77 57 133
8 11 2 0 0 1 0
243 12 103 56 77 10 47
22 1 0 0 0 0 0
7 1 0 0 0 0 0
62 1 28 8 18 3 18
510 7 223 65 92 16 127
7 1 0 0 0 0 0
11 3 2 0 0 1 1
11 3 2 0 0 1 1
4 1 0 1 0 0 0
4 1 0 1 0 0 0
68 5 17 6 0 2 12
11 7 2 0 0 3 3
103 7 33 14 14 9 16
1 1 0 0 0 0 0
145 3 54 3 12 1 10
144 19 55 0 0 18 18
50 3 20 7 6 1 0
84 5 34 6 15 3 19
101 9 47 4 25 4 19
445 9 210 6 34 29 73
585 20 265 27 39 38 70
6 4 1 0 0 0 0
6 4 1 0 0 0 0
65 3 17 2 0 4 12
28 9 9 1 0 5 9
79 5 33 2 6 2 59
6 11 1 0 0 0 0
53 11 20 1 3 6 16
521 5 224 39 31 46 117
6 151 1 4 0 0 1
47 5 20 5 5 2 14
45 3 19 2 3 1 16
23 5 8 0 0 2 5
14 3 5 0 12 5 8
54 3 10 0 0 1 0
16 3 3 0 0 1 1
59 7 26 5 12 7 19
33 5 13 36 3 2 24
62 5 26 26 11 5 24
64 5 27 2 10 4 17
17 5 5 1 0 2 9
6 11 1 2 0 5 0
49 16 18 7 9 9 16
127 9 57 4 11 9 131
11 3 2 0 0 1 3
67 3 27 4 15 3 15
31 15 9 0 0 13 7
456 107 127 32 40 84 164
7 1 0 0 0 0 0
224 20 92 21 40 30 26
209 33 86 24 36 49 164
11 5 2 0 0 2 3
52 3 21 0 0 1 20
13 3 3 0 0 1 4
19 3 6 0 3 1 2
11 7 2 0 0 3 3
19 3 6 0 0 1 4
74 3 20 3 5 1 7
122 3 44 6 11 1 16
643 49 261 8 15 59 301
53 3 23 2 3 1 22
25 3 9 0 0 1 9
11 3 2 0 0 1 2
70 5 27 1 0 2 30
13 1 3 0 0 0 3
35 3 14 0 0 1 26
29 3 11 0 0 1 20
130 20 51 18 26 17 23
6 22 1 0 0 0 0
24 1 4 0 0 0 0
41 7 8 0 0 5 6
24 1 4 0 0 0 0
34 5 6 0 0 3 3
6 10 1 0 0 0 0
6 33 1 0 0 0 1
24 1 7 3 6 0 2
18 3 7 0 0 1 2
26 3 5 1 3 1 4
6 1 1 0 0 0 0
62 7 17 0 0 6 8
23 1 8 5 8 0 1
11 1 2 0 0 0 0
9 1 1 1 3 0 0
6 1 1 0 0 0 0
139 23 48 10 18 17 35
75 3 31 4 19 1 2
55 5 18 8 11 4 8
26 3 8 0 13 1 0
209 27 59 8 12 21 20
13 1 3 2 3 0 0
17 3 5 2 3 1 2
18 3 4 0 0 1 0
44 7 8 2 0 6 5
1 43 0 0 0 0 0
80 3 17 3 0 3 9
141 13 43 15 12 8 21
17 9 5 0 0 4 5
15 3 4 0 0 1 3
11 3 2 0 0 1 0
865 21 369 63 116 47 160
29 3 11 1 3 1 8
83 3 38 3 9 6 9
7 1 0 0 0 0 0
154 19 60 4 11 21 16
7 13 0 0 0 0 0
15 3 4 0 5 1 5
45 5 19 2 3 4 7
17 3 5 0 3 1 4
57 5 25 5 3 3 8
103 13 42 8 19 5 7
6 7 1 0 0 0 0
101 14 35 6 12 7 13
28 3 6 2 6 2 6
34 7 12 1 6 8 5
60 7 25 3 12 8 7
34 7 12 1 6 8 5
65 15 29 9 17 7 41
26 3 8 0 3 2 6
45 3 16 11 15 4 13
11 5 2 0 0 2 0
8 7 2 1 0 3 2
1367 29 632 169 331 64 198
136 3 51 8 21 4 18
7 1 0 0 0 0 0
51 5 19 5 3 7 23
1 1 0 0 0 0 0
114 3 46 5 7 1 17
53 3 17 0 0 1 10
83 11 32 4 6 8 22
37 3 15 4 9 1 10
317 49 133 15 33 24 145
198 5 82 23 52 29 19
214 132 96 44 55 60 88
1 1 0 0 0 0 0
180 3 79 18 21 1 33
78 3 22 0 0 1 10
83 11 32 4 6 8 22
49 3 21 6 11 1 12
418 68 175 22 34 43 225
48 7 10 1 0 8 13
8 7 2 1 0 3 2
14 3 2 0 0 12 3
425 4 176 62 122 3 58
1 1 0 0 0 0 0
142 3 60 13 11 1 23
76 3 21 0 0 1 10
83 11 32 4 6 8 22
49 3 21 6 11 1 12
341 66 147 19 34 33 208
1 1 0 0 0 0 0
72 25 31 1 0 16 28
60 9 22 8 3 11 20
26 3 5 5 9 8 15
34 3 9 4 3 2 9
6 5 1 0 0 1 0
12 11 1 21 53 33 17
18 21 4 36 59 51 70
41 3 11 10 16 7 12
19 3 6 5 10 9 3
477 13 187 93 134 23 147
6 22 1 0 0 0 0
277 7 108 27 27 10 37
77 3 29 1 0 6 12
18 7 1 0 0 6 6
20 1 5 0 0 0 0
20 1 5 0 0 0 0
32 3 11 3 3 3 8
65 7 26 15 13 1 23
40 5 9 4 3 11 20
35 7 11 3 3 9 9
62 11 20 0 3 10 16
24 17 7 0 0 14 7
55 7 21 3 3 14 27
23 7 5 1 0 6 9
22 5 6 1 0 5 7
21 1 4 0 0 0 0
53 23 2 1 0 29 14
13 9 3 0 0 4 1
453 57 139 55 97 59 141
7 1 0 0 0 0 0
13 3 2 1 0 1 2
13 7 2 0 0 3 3
315 13 145 24 39 28 49
43 19 12 2 6 16 13
43 3 17 2 5 1 5
20 3 8 0 21 8 14
24 3 6 0 0 1 3
26 3 7 1 0 1 5
186 5 85 16 28 5 46
817 23 363 100 185 29 178
13 3 2 0 0 1 1
13 7 2 0 0 3 3
13 5 2 0 0 2 2
13 7 2 0 0 3 3
91 5 41 8 20 8 21
43 3 17 4 12 5 6
22 7 5 3 3 4 19
73 5 32 5 9 3 13
109 5 45 11 6 6 12
6 9 1 0 0 4 0
635 15 281 45 121 40 156
138 4 61 13 25 1 16
9 493 1 2 0 4 9
96 1 28 11 27 14 12
93 3 43 3 14 1 28
129 3 61 2 11 19 27
357 3 175 15 25 23 51
190 64 51 3 10 30 34
16 1 0 0 0 0 0
28 1 0 0 0 0 0
10 1 0 0 0 0 0
16 1 0 0 0 0 0
45 11 4 3 3 15 17
13 3 3 0 0 1 1
43 9 18 1 0 6 13
31 9 12 1 0 6 13
17 7 5 3 0 3 7
15 7 4 3 0 3 6
11 7 2 1 0 3 3
6 5 1 0 0 2 0
285 11 130 15 23 14 117
1204 93 519 60 114 110 285
6 7 1 0 0 3 0
153 3 73 1 15 1 29
159 3 76 0 11 22 30
195 3 94 4 15 16 30
220 55 69 2 8 53 35
6 13 1 0 0 0 0
68 5 23 1 3 3 37
77 9 28 2 8 6 22
237 7 94 3 9 6 140
13 5 2 1 0 2 7
44 9 14 2 0 4 38
105 3 49 1 0 1 34
126 38 40 5 3 14 30
232 19 105 8 0 0 28
88 7 39 0 0 0 14
88 7 39 1 0 0 7
167 10 77 9 0 0 17
97 10 42 8 0 0 15
82 9 30 2 3 10 13
32 1 11 0 0 0 2
48 11 16 13 20 7 17
13 7 2 0 0 3 3
17 7 4 0 0 3 3
4 1 0 0 0 0 0
15 1 4 0 0 0 0
228 1 118 17 28 10 37
93 6 34 1 0 5 21
184 1 72 18 15 11 27
266 19 122 8 0 5 31
13 3 3 0 3 1 2
13 3 2 0 0 1 1
23 3 7 0 0 1 0
38 3 13 6 0 1 7
19 3 5 1 3 2 7
13 3 2 0 0 1 1
277 39 126 7 10 21 126
21 3 6 0 0 1 10
47 3 16 3 3 1 8
13 3 2 0 0 1 1
23 5 7 0 0 3 11
233 11 101 8 6 8 144
13 3 2 0 0 1 1
21 3 3 0 0 1 1
11 3 1 0 0 1 1
11 3 1 0 0 1 2
29 7 10 0 0 4 11
46 5 17 6 8 2 20
504 25 232 19 33 22 291
27 3 10 0 0 1 16
39 3 15 3 3 2 19
17 3 4 0 0 1 5
361 71 171 3 42 43 500
4 1 0 0 0 0 0
105 11 40 12 10 17 29
15 3 3 0 0 1 2
15 3 3 0 0 1 2
25 3 8 0 0 5 2
19 3 5 0 0 1 5
15 3 3 0 0 1 2
55 9 21 0 0 8 35
71 3 32 5 3 15 32
17 3 4 0 0 9 4
15 5 3 0 0 13 3
53 3 19 0 6 1 6
19 3 5 0 0 2 2
33 3 12 2 0 3 7
15 5 3 1 0 17 2
33 3 12 0 0 12 4
972 59 451 52 68 124 861
33 3 13 2 5 1 16
59 3 26 5 5 1 24
13 3 2 0 0 1 1
13 3 2 0 0 1 1
49 9 17 1 3 4 25
333 39 151 10 6 43 281
182 32 77 23 28 16 34
76 4 33 11 23 25 13
13 1 0 0 0 0 0
55 1 18 28 46 4 8
149 32 47 45 79 106 163
407 61 155 25 82 64 157
6 13 1 0 0 0 0
53 15 2 0 0 8 14
45 19 16 0 0 5 5
24 7 1 0 0 3 6
30 12 1 0 0 4 8
82 23 3 0 0 14 23
4 1 0 0 0 0 0
6 7 1 0 0 0 0
9 1 1 0 0 0 1
271 19 108 18 35 41 46
182 9 80 12 27 19 45
110 13 41 13 15 9 22
20 3 4 2 5 1 0
122 5 47 5 9 12 17
112 15 42 12 25 24 16
83 5 29 9 17 6 13
8 5 2 0 0 2 1
68 5 23 4 16 11 9
60 17 22 8 10 21 14
344 129 131 64 68 160 112
10 1 0 0 0 0 0
62 3 17 5 11 4 4
359 21 149 57 66 18 65
8 5 2 0 0 2 1
15 5 4 0 0 2 2
30 6 7 1 3 3 3
287 18 116 31 30 31 34
31 9 9 2 3 8 8
114 19 43 16 21 16 24
73 11 29 14 18 18 29
34 7 9 3 6 3 7
19 9 7 0 8 4 7
540 31 220 61 122 30 63
161 9 53 10 21 7 29
33 5 13 0 7 2 7
33 5 13 0 7 2 6
384 39 169 36 62 52 74
8 3 2 0 0 1 2
6 5 1 0 0 2 0
11 100 2 0 0 16 0
25 9 6 0 0 7 4
46 3 18 7 11 1 8
4 1 0 0 0 0 0
279 31 112 15 38 27 30
106 8 39 10 26 6 14
12 3 4 0 9 4 6
286 5 78 22 50 16 41
110 9 38 6 19 7 14
30 3 10 0 0 2 3
12 5 1 0 0 2 2
57 5 22 5 11 2 21
176 15 59 10 19 26 19
38 21 14 8 11 16 7
4 1 0 0 0 0 0
4 1 0 0 0 0 0
6 22 1 0 0 0 0
55 1 15 3 0 0 7
13 1 3 1 0 0 1
104 1 29 4 0 0 14
9 39 1 0 0 1 0
510 15 199 52 118 14 136
157 3 60 12 6 1 14
52 19 21 4 0 22 20
85 3 39 6 13 1 23
93 31 10 0 0 18 21
56 3 23 0 3 8 14
1 1 0 0 0 0 0
18 9 4 3 0 1 0
11 3 2 0 0 1 0
356 32 155 16 26 31 50
120 1 43 55 5 1 94
18 13 4 1 0 4 3
143 13 62 23 13 15 60
546 21 250 52 68 27 181
13 1 0 0 0 0 0
687 23 325 81 139 80 227
135 3 64 4 16 12 34
268 97 102 24 12 19 61
153 9 73 6 14 4 15
197 3 95 33 10 8 56
162 5 73 25 5 20 37
15 5 4 0 0 2 5
13 3 3 0 0 1 0
17 3 5 0 0 1 6
13 1 0 0 0 0 0
133 8 57 4 14 3 15
54 16 19 3 3 2 2
7 1 0 0 0 0 0
31 7 6 2 0 3 6
27 3 7 2 6 1 5
6 1 1 0 0 0 0
23 7 5 0 0 5 3
14 3 5 2 3 2 2
7 1 0 0 0 0 0
23 7 5 0 0 5 3
67 19 24 7 11 9 28
499 19 214 51 73 24 86
13 5 3 0 0 2 2
445 5 207 23 69 31 64
24 7 1 0 0 4 2
11 1 2 0 0 0 0
211 21 87 3 27 20 41
95 1 23 2 6 0 1
47 5 17 0 0 2 9
202 33 60 48 56 65 137
132 41 31 27 41 17 33
40 7 9 1 6 2 3
6 19 1 0 0 0 0
56 3 23 7 15 11 2
6 37 1 0 0 0 0
228 6 94 17 50 7 12
55 1 24 5 9 0 2
62 7 17 67 9 12 39
30 3 4 0 0 2 7
9 1 1 0 0 0 0
9 1 1 0 0 0 0
9 1 1 0 0 0 0
9 1 1 0 0 0 0
9 1 1 0 0 0 0
9 1 1 0 0 0 0
9 1 1 0 0 0 0
9 1 1 0 0 0 0
9 1 1 0 0 0 0
9 1 1 0 0 0 0
24 1 4 0 0 0 0
24 1 4 0 0 0 0
24 1 4 0 0 0 0
40 19 12 0 0 17 9
9 1 1 0 0 0 0
62 9 20 2 8 9 11
9 1 1 0 0 0 0
1 1 0 0 0 0 0
186 41 67 40 62 5 27
54 5 22 0 0 6 9
9 1 1 0 0 0 0
9 1 1 0 0 0 0
9 1 1 0 0 0 0
9 1 1 0 0 0 0
37 7 9 2 3 5 4
9 1 1 0 0 0 0
24 1 4 0 0 0 0
9 1 1 0 0 0 0
9 1 1 0 0 0 0
9 1 1 0 0 0 0
28 7 6 0 0 5 3
9 1 1 0 0 0 0
121 7 45 9 14 8 28
24 1 4 0 0 0 0
9 1 1 0 0 0 0
9 1 1 0 0 0 0
9 1 1 0 0 0 0
152 22 35 7 3 36 22
9 1 1 0 0 0 0
9 1 1 0 0 0 0
28 7 6 0 0 5 3
163 43 69 7 13 65 71
54 17 1 0 0 12 16
25 5 9 2 0 3 4
14 21 2 1 0 2 2
598 47 189 71 84 55 174
235 43 48 11 33 44 81
6 7 1 0 0 0 0
67 52 30 7 12 0 16
9 1 1 0 0 0 0
9 1 1 0 0 0 0
160 19 69 10 11 32 31
6 5 1 0 0 0 0
97 21 15 17 15 12 32
90 7 25 2 6 7 14
33 5 7 0 0 2 1
34 5 6 0 0 2 8
9 1 1 0 0 0 0
9 1 1 0 0 0 0
9 1 1 0 0 0 0
9 1 1 0 0 0 0
9 1 1 0 0 0 0
74 39 32 39 63 31 21
68 3 23 8 13 3 38
151 60 63 7 119 28 63
6 9 1 0 0 3 0
9 1 1 0 0 0 0
9 1 1 0 0 0 0
9 1 1 0 0 0 0
9 1 1 0 0 0 0
9 1 1 0 0 0 0
9 1 1 0 0 0 0
9 1 1 0 0 0 0
9 1 1 0 0 0 0
9 1 1 0 0 0 0
42 21 13 0 0 19 10
48 5 19 4 6 4 14
9 239 1 0 0 8 0
618 13 268 98 174 65 101
145 21 54 24 41 17 70
10 1 0 0 0 0 0
23 7 5 0 0 5 3
25 9 6 0 0 7 4
326 15 146 34 71 16 57
166 21 66 19 77 37 63
29 5 11 2 6 2 14
29 5 11 2 6 2 14
348 45 112 48 54 47 118
31 5 12 2 6 2 14
25 3 9 1 3 1 10
9 1 1 0 0 0 0
9 1 1 0 0 0 0
9 1 1 0 0 0 0
317 12 122 49 66 11 108
24 7 7 0 0 3 11
70 9 27 16 15 4 39
70 9 27 16 15 4 39
38 7 11 5 0 3 17
42 7 13 3 0 3 9
24 5 4 3 0 2 6
45 15 13 3 0 7 16
37 11 9 3 3 5 10
46 5 18 9 5 3 26
43 9 12 3 0 4 10
28 9 9 6 0 4 14
43 9 12 1 0 4 9
43 9 12 3 0 4 10
41 11 11 3 6 5 14
45 9 13 4 3 4 18
81 3 31 6 3 2 26
18 3 4 2 3 1 12
18 5 4 0 0 2 3
13 5 3 0 0 2 2
154 1 45 22 57 1 6
87 15 34 8 7 6 34
1542 38 635 207 227 47 367
17 1 5 3 3 0 4
24 7 4 1 0 3 4
45 9 13 3 3 4 12
45 9 13 3 3 4 11
47 11 14 3 3 5 13
43 13 12 3 0 6 12
110 9 44 20 19 4 23
39 11 10 0 0 5 10
39 11 10 0 0 5 10
26 9 8 3 3 5 11
26 9 8 3 3 5 11
43 9 12 3 0 4 10
60 9 22 10 3 4 24
81 17 31 7 5 9 33
20 7 5 1 0 3 5
57 15 19 4 3 8 16
51 15 16 3 0 9 15
49 13 15 3 8 6 11
41 3 11 0 0 1 4
45 11 13 3 3 5 14
13 3 3 0 0 1 1
40 5 15 2 5 2 20
24 7 7 0 0 3 12
43 9 12 3 0 4 10
7 1 0 0 0 0 0
7 1 0 0 0 0 0
7 1 0 0 0 0 0
7 1 0 0 0 0 0
15 1 1 0 0 0 0
7 1 0 0 0 0 0
4 1 0 0 0 0 0
7 1 0 0 0 0 0
7 1 0 0 0 0 0
13 1 0 0 0 0 0
7 1 0 0 0 0 0
10 1 0 0 0 0 0
6 1 1 0 0 0 0
150 1 1 1 0 0 6
150 1 1 1 0 0 6
4 1 0 0 0 0 1
1 1 0 0 0 0 1
30 9 7 0 0 7 4
21 1 4 0 0 0 0
23 3 8 0 0 2 7
85 3 36 3 0 1 28
129 13 55 7 14 6 17
28 3 6 1 3 1 6
27 3 10 1 3 1 6
80 3 35 6 12 1 27
54 5 19 5 0 2 11
28 5 6 2 0 2 7
11 5 2 0 0 2 2
109 5 48 13 0 5 34
26 7 8 4 0 3 9
53 9 17 1 3 4 4
4 1 0 0 0 0 0
18 1 4 1 0 0 1
761 53 278 90 115 79 214
39 5 18 3 5 2 10
148 7 60 12 29 11 33
145 1 0 1 0 0 6
33 28 1 0 0 4 6
50 1 20 3 14 0 3
23 3 8 3 3 1 11
65 3 29 8 12 1 24
154 9 66 17 18 7 56
633 101 214 102 125 91 150
215 3 95 20 39 23 32
504 3 235 31 59 31 83
86 7 29 7 12 2 9
32 3 11 2 6 8 4
27 3 7 0 0 1 2
95 3 38 2 0 1 6
322 6 135 16 24 14 38
1 118 0 0 0 0 0
22 8 3 0 0 10 4
71 13 20 11 8 9 24
31 6 9 3 6 1 4
27 3 4 1 0 1 3
42 3 10 7 9 2 12
11 11 2 0 0 5 6
4 1 0 0 0 0 0
84 15 19 2 3 23 20
163 5 48 25 47 28 67
24 1 4 0 0 0 0
85 7 21 1 0 17 14
24 1 4 0 0 0 0
60 3 13 0 0 1 3
24 1 4 0 0 0 0
96 11 25 2 0 23 28
24 1 4 0 0 0 0
52 3 12 0 0 1 3
24 1 4 0 0 0 0
24 3 4 0 0 1 3
24 1 4 0 0 0 0
54 7 10 0 0 5 9
24 1 4 0 0 0 0
54 7 10 0 0 5 9
24 1 4 0 0 0 0
61 5 15 1 0 7 7
24 1 4 0 0 0 0
91 7 24 3 3 17 16
24 1 4 0 0 0 0
77 7 17 1 0 5 11
24 1 4 0 0 0 0
57 3 13 0 0 1 3
116 7 29 7 15 18 34
24 1 4 0 0 0 0
57 3 13 0 0 1 3
24 1 4 0 0 0 0
39 3 7 0 0 1 3
24 1 4 0 0 0 0
57 3 13 0 0 1 3
24 1 4 0 0 0 0
34 3 6 0 0 1 3
7 1 0 0 0 0 0
9 1 1 0 0 0 0
9 1 1 0 0 0 0
9 1 1 0 0 0 0
9 1 1 0 0 0 0
9 1 1 0 0 0 0
9 1 1 0 0 0 0
45 15 13 2 3 13 8
25 1 0 0 0 0 3
24 1 4 0 0 0 0
51 5 22 8 19 24 13
37 5 15 0 3 2 8
107 5 50 5 16 8 16
26 5 5 1 0 2 3
511 26 189 71 153 96 74
24 1 4 0 0 0 0
26 5 5 0 0 2 2
28 5 6 1 0 2 3
4 1 0 0 0 0 0
226 11 78 26 39 28 52
24 1 4 0 0 0 0
109 9 30 4 3 14 25
24 1 4 0 0 0 0
80 5 23 2 3 4 16
70 5 15 0 0 8 14
24 1 4 0 0 0 0
85 7 21 1 0 17 14
24 1 4 0 0 0 0
88 9 15 1 0 24 21
24 1 4 0 0 0 0
88 9 15 1 0 24 21
15 4 4 1 3 0 2
23 7 5 0 0 5 3
28 7 6 0 0 5 3
198 17 73 15 30 18 34
11 1 2 0 0 0 0
11 1 2 0 0 0 0
39 9 13 3 7 5 5
44 11 17 2 0 8 21
30 9 10 0 0 3 7
39 3 16 2 8 2 5
82 9 36 8 6 8 21
59 21 26 10 5 9 11
72 13 31 8 8 9 28
32 11 11 0 0 5 10
35 3 14 3 6 1 6
22 7 6 0 0 1 3
69 5 31 3 11 4 11
42 11 16 0 3 4 7
36 11 13 0 3 4 5
30 7 10 0 0 1 4
48 9 19 1 3 5 14
26 7 8 0 0 1 6
129 3 61 8 16 5 16
44 13 17 0 3 7 9
38 9 14 0 3 4 6
30 13 10 0 0 5 5
70 5 30 10 8 4 8
62 11 26 3 6 5 11
27 3 10 2 8 2 4
234 16 106 30 43 28 70
27 3 10 3 6 2 6
9 233 1 0 0 15 0
209 3 95 24 57 31 22
162 15 73 13 15 21 46
128 11 59 8 20 6 20
6 1 1 0 0 0 0
145 13 63 14 21 17 25
15 5 4 1 0 2 1
42 5 16 3 3 2 12
45 3 16 3 0 1 13
49 7 18 3 0 5 24
39 9 13 3 0 4 18
469 21 200 72 88 49 139
175 21 66 19 23 13 43
58 7 21 0 0 6 25
61 7 21 7 7 2 26
66 1 28 1 0 4 32
19 5 6 2 5 2 19
308 29 116 4 3 27 183
36 5 10 2 3 2 9
6 7 1 0 0 3 9
360 39 145 20 20 23 246
43 3 18 3 6 1 24
34 3 12 2 3 1 8
27 7 7 2 3 5 19
36 7 13 1 3 4 24
9 5 1 1 3 2 7
24 3 7 1 3 1 10
13 5 3 0 0 2 2
9 3 1 0 0 1 0
43 3 12 2 0 2 15
24 5 7 2 3 2 13
11 3 2 0 0 1 1
97 12 36 0 0 8 49
11 3 2 0 0 1 1
27 3 10 0 7 1 8
13 3 3 0 0 1 1
15 3 4 0 0 1 3
19 3 6 1 0 1 3
29 3 11 0 7 1 9
22 3 6 0 0 1 5
11 5 2 0 0 2 2
11 3 2 0 0 1 1
13 3 3 1 0 1 4
21 5 7 2 3 2 8
7 1 0 0 0 0 0
86 13 29 7 3 6 23
31 5 9 0 0 2 7
17 3 5 1 0 1 2
21 9 7 2 3 4 8
125 14 32 15 32 15 35
249 33 100 4 9 18 157
46 5 18 6 9 2 15
40 7 15 2 3 3 20
17 5 5 0 0 2 5
20 5 5 0 0 2 5
15 3 4 0 0 1 1
19 3 6 0 5 1 7
13 3 3 0 0 1 4
19 3 6 0 5 1 7
24 5 7 0 0 2 7
15 3 4 0 0 1 1
19 3 6 0 5 1 7
142 13 48 11 11 12 21
54 11 19 2 6 5 30
7 1 0 0 0 0 0
46 3 15 2 0 1 15
7 1 0 0 0 0 0
87 5 25 5 6 3 16
4 1 0 0 0 0 0
16 1 0 0 0 0 1
97 13 33 4 12 8 47
36 7 10 0 0 3 22
7 1 0 0 0 0 0
101 7 38 6 6 8 53
17 3 5 2 3 1 6
13 3 3 0 0 1 1
67 11 27 4 9 5 64
179 26 68 5 16 16 67
127 11 57 8 12 6 65
1 1 0 0 0 0 0
11 3 2 0 0 1 0
19 3 6 0 5 1 2
9 3 1 0 0 1 0
18 3 4 0 0 1 4
24 5 7 4 5 2 11
15 3 4 0 0 1 4
40 7 12 2 3 0 3
15 3 4 1 0 1 3
127 3 54 5 6 2 58
15 3 4 0 0 1 9
13 3 3 2 3 1 5
19 7 6 0 0 16 14
13 5 3 0 0 2 2
21 1 7 0 0 0 4
172 21 69 10 15 8 50
13 3 3 1 0 1 2
44 5 17 0 0 2 24
15 3 4 0 0 1 1
11 3 2 0 0 1 1
18 3 4 1 0 1 2
28 5 9 2 3 2 7
50 5 17 1 3 2 7
40 5 15 5 3 2 10
38 3 14 3 3 1 8
14 3 2 0 0 1 2
133 3 54 11 6 1 22
466 33 193 25 116 56 184
23 3 8 3 3 1 5
11 3 2 0 0 1 1
39 9 13 5 3 4 12
17 7 5 1 0 3 5
12 5 4 0 0 1 3
27 7 10 3 0 3 7
19 3 6 1 3 1 2
11 3 2 0 0 1 0
34 3 12 2 3 1 7
21 3 7 0 0 1 2
182 3 83 20 31 4 76
43 5 18 1 0 3 10
11 3 2 0 0 1 1
15 3 4 0 0 1 2
11 3 2 0 0 1 0
35 3 14 2 5 1 18
11 3 2 0 0 1 0
35 3 11 2 0 1 8
11 3 2 0 0 1 1
11 3 2 0 0 1 1
15 3 4 0 0 1 1
45 3 19 3 3 7 17
37 3 15 4 3 1 14
11 3 2 0 0 1 1
55 7 21 3 8 3 40
19 3 3 0 0 1 2
44 3 17 3 3 1 11
276 23 106 3 3 26 181
121 3 51 5 3 2 56
15 3 4 0 0 1 9
13 3 3 1 3 1 4
6 3 1 0 0 1 0
15 3 4 0 0 1 4
15 3 4 1 0 1 3
19 7 6 0 0 16 14
13 5 3 0 0 2 2
56 9 17 0 3 8 14
72 7 28 13 14 5 42
44 3 17 4 6 1 2
35 9 14 3 5 4 15
27 11 7 0 0 9 5
102 13 40 1 24 13 45
17 3 5 2 3 1 6
83 13 35 5 9 11 51
11 3 2 0 0 1 1
328 57 120 17 14 43 182
160 11 69 5 12 5 85
104 9 44 2 6 4 65
55 3 24 19 9 1 20
94 3 42 7 14 1 11
106 7 39 14 23 3 37
22 5 6 2 0 2 5
21 3 7 2 3 1 2
50 5 20 11 9 4 21
22 7 6 3 3 4 12
30 7 7 4 3 4 13
16 7 3 3 0 4 6
16 7 3 3 0 4 6
20 5 5 2 0 2 6
27 3 7 0 0 1 4
16 1 0 2 0 0 0
101 35 23 20 9 13 32
46 4 18 2 3 0 3
23 7 5 0 0 5 3
7 1 0 0 0 0 0
4 1 0 0 0 0 0
155 17 50 18 14 13 45
16 3 3 0 0 4 5
16 5 3 2 0 2 2
31 3 9 3 6 2 10
21 3 7 0 0 1 3
19 3 6 1 0 1 3
82 7 33 4 6 3 67
32 3 11 1 3 1 17
11 3 2 0 0 1 1
19 3 6 0 0 1 4
11 3 2 0 0 1 2
32 5 8 0 0 2 6
27 3 10 3 6 2 18
11 3 2 0 0 1 1
11 3 2 0 0 1 1
51 17 19 4 3 8 30
414 41 157 24 42 34 214
11 3 2 0 0 1 1
11 3 2 0 0 1 1
721 74 279 52 69 63 389
72 5 31 8 15 2 26
78 3 34 9 7 1 29
44 3 17 2 0 1 7
15 3 4 0 0 1 2
15 1 1 0 0 0 1
53 5 20 7 9 5 58
185 24 62 17 21 12 149
7 1 0 0 0 0 1
16 3 3 0 3 1 15
25 21 3 0 0 6 22
19 3 3 1 0 1 10
19 3 3 2 3 1 16
13 3 3 0 0 1 14
148 30 54 23 40 43 189
4 1 0 0 0 0 2
35 20 8 10 6 13 62
20 3 5 1 0 1 23
4 1 0 0 0 0 2
353 48 145 33 42 25 426
4 1 0 0 0 0 2
48 7 13 5 9 4 47
115 13 39 11 12 8 122
169 17 66 13 24 13 120
60 6 22 4 8 11 107
16 3 3 0 0 1 14
42 3 16 5 6 1 80
249 63 76 21 39 46 337
4 1 0 0 0 0 2
76 19 24 5 6 18 95
66 3 22 1 3 1 10
11 3 2 0 0 1 0
33 3 10 1 0 1 7
28 3 6 1 0 1 13
62 1 17 3 0 0 0
13 1 3 1 0 0 0
62 1 17 1 0 0 0
9 52 1 1 0 1 0
206 21 86 2 24 17 50
533 17 209 57 117 20 177
153 5 58 12 6 1 14
36 11 13 2 0 12 10
71 3 32 3 9 1 16
65 23 8 0 0 12 15
54 3 22 1 3 4 12
18 9 4 3 0 1 0
11 3 2 0 0 1 0
342 32 148 16 29 31 50
93 3 43 18 3 5 18
13 1 0 0 0 0 0
510 21 244 60 133 75 155
79 3 36 1 5 2 15
30 13 10 2 0 4 3
615 51 253 69 40 26 159
180 3 82 32 3 12 46
11 3 2 0 0 1 1
15 5 4 0 0 2 5
13 3 3 0 0 1 0
177 7 85 6 14 3 15
19 3 6 0 0 1 5
10 1 0 0 0 0 0
52 16 18 3 3 2 2
7 1 0 0 0 0 0
31 7 6 2 0 3 6
20 1 5 2 6 0 3
6 1 1 0 0 0 0
23 7 5 0 0 5 3
14 3 5 2 3 2 2
7 1 0 0 0 0 0
23 7 5 0 0 5 3
67 19 24 7 11 9 28
398 14 170 46 64 12 74
11 3 2 0 0 1 1
501 7 235 33 87 32 61
6 5 1 0 0 2 0
30 7 1 0 0 4 2
6 1 1 0 0 0 0
95 1 23 2 6 0 1
102 7 40 5 6 4 22
27 1 7 6 5 0 0
314 21 128 35 89 53 43
198 33 58 48 56 187 137
132 42 31 27 38 16 33
6 19 1 0 0 0 0
56 3 23 7 15 11 2
154 6 60 12 33 2 10
55 1 24 5 9 0 2
30 3 4 0 0 2 7
500 12 224 38 53 22 69
163 23 42 7 6 18 31
403 1 198 68 33 37 2
97 21 15 6 6 22 28
49 11 6 0 3 13 10
35 7 5 0 3 7 6
38 11 8 1 9 14 8
59 15 5 1 6 15 13
18 5 1 0 0 2 2
24 7 1 0 0 3 3
69 5 25 9 17 10 15
168 27 52 17 44 36 36
16 1 3 2 5 0 0
7 1 0 0 0 0 0
32 3 8 2 12 1 2
72 1 34 24 41 0 2
44 5 14 5 22 2 5
42 1 13 7 32 0 0
6 1 1 0 3 0 0
4 1 0 0 3 0 1
66 3 22 7 32 1 9
51 1 20 1 14 1 1
13 7 4 0 3 3 2
13 7 4 0 3 3 2
13 7 4 0 3 3 2
36 1 7 0 6 0 4
37 3 9 3 12 1 7
42 3 10 3 15 1 7
20 1 8 0 3 0 4
16 1 6 0 3 0 2
22 7 6 3 9 3 9
106 1 48 14 65 33 2
41 7 8 2 3 5 4
35 3 11 3 9 1 2
23 1 5 0 3 0 1
15 3 4 1 3 1 3
15 3 4 1 3 1 3
108 15 37 9 34 7 19
32 9 2 3 6 7 6
79 3 30 15 38 1 4
1 1 0 0 0 0 0
37 1 15 4 12 6 2
41 1 17 6 13 6 0
61 1 27 9 18 3 1
77 1 35 11 22 0 0
153 1 73 15 36 0 2
10 3 3 0 6 3 4
137 1 65 19 40 16 0
39 1 16 4 11 4 0
39 1 16 4 11 4 0
33 1 13 4 9 2 0
29 1 11 4 9 2 0
57 1 25 3 10 9 2
4 1 0 0 0 0 0
17 1 5 1 10 0 2
10 3 3 0 6 3 4
25 1 9 2 7 0 3
111 1 52 7 18 0 2
10 3 3 0 6 3 4
15 1 4 1 5 0 2
10 3 3 0 6 3 4
109 1 51 8 20 0 2
10 3 3 0 6 3 4
73 1 33 5 15 0 2
10 3 3 0 6 3 4
89 1 41 10 25 0 2
10 3 3 0 6 3 4
19 1 6 1 5 0 0
11 5 2 0 3 2 1
59 1 26 7 21 0 0
13 7 3 0 3 3 2
55 1 24 4 15 0 2
10 3 3 0 6 3 4
33 5 7 2 9 3 0
39 1 16 4 12 5 0
33 1 13 6 13 0 0
27 1 10 4 11 0 0
51 1 22 11 19 0 0
18 1 4 0 3 0 0
41 1 17 3 7 6 0
35 1 14 3 7 4 2
28 1 9 3 9 0 0
39 1 16 5 17 6 0
43 1 18 7 19 0 0
11 1 2 0 3 0 0
25 1 9 3 9 1 0
43 1 18 4 11 1 0
23 1 8 4 7 0 0
13 9 3 0 3 4 6
19 1 6 5 7 0 1
29 1 11 0 3 5 0
25 1 9 3 10 0 2
10 3 3 0 6 3 4
23 1 8 1 9 0 2
10 3 3 0 6 3 4
25 1 9 3 9 2 1
99 1 46 20 43 19 19
64 1 27 13 29 2 1
7 1 0 0 0 0 0
67 15 9 3 12 8 9
51 5 16 9 13 2 4
11 9 2 0 3 4 3
148 7 63 27 48 10 22
305 17 149 33 64 29 90
18 3 1 0 0 1 0
267 15 130 35 43 14 62
4 1 0 0 0 0 0
4 1 0 0 0 0 0
58 1 0 0 0 0 0
25 9 6 0 0 7 4
106 11 21 7 41 7 9
160 1 51 0 106 0 0
51 19 1 0 0 9 7
50 9 8 3 6 8 12
12 1 1 0 0 0 0
39 13 1 4 3 10 10
21 5 4 0 0 2 3
35 11 2 1 5 7 5
76 11 21 8 16 7 13
70 15 9 10 26 14 17
31 7 3 2 3 7 4
54 5 19 8 10 5 7
46 5 15 9 8 5 8
34 3 12 6 13 1 2
34 3 12 7 13 1 2
40 19 12 6 11 27 16
10 1 3 3 5 0 0
29 7 11 3 5 3 8
1 1 0 0 0 0 0
46 7 15 14 16 3 17
27 5 7 0 3 2 2
206 17 83 26 47 27 89
53 15 2 1 5 8 9
23 3 5 0 0 1 6
16 1 0 0 0 0 0
28 1 0 0 0 0 1
7 1 0 0 0 0 0
10 1 0 0 0 0 0
4 1 0 0 0 0 0
212 27 71 20 55 24 99
335 27 122 28 94 23 42
25 3 9 0 5 1 3
68 7 26 1 0 4 66
74 9 32 1 6 13 67
1 1 0 0 0 0 0
25 13 3 0 0 9 0
11 5 2 2 3 2 4
203 13 71 21 57 10 90
80 7 20 4 21 4 14
32 5 11 4 9 3 4
13 1 3 2 5 0 1
123 7 52 22 51 3 32
168 13 67 23 49 15 22
16 1 6 4 5 2 1
105 15 31 22 48 16 28
45 1 19 10 10 2 7
103 21 27 7 9 13 26
43 34 12 4 8 14 14
101 19 35 19 27 14 45
10 1 0 0 0 0 0
4 1 0 0 0 0 0
54 8 13 6 13 5 7
75 17 16 3 9 11 16
4 1 0 0 0 0 0
421 25 159 28 60 34 119
13 3 3 0 5 1 4
23 3 8 2 5 1 5
51 17 1 0 0 16 7
103 1 42 0 0 0 0
244 19 93 70 148 13 49
26 5 8 1 6 2 6
77 1 23 25 32 0 9
21 1 7 2 11 8 0
13 3 3 0 0 1 1
18 1 4 4 8 0 0
80 1 29 1 27 36 1
35 9 11 21 19 23 24
41 11 14 6 6 31 28
4 5 0 0 0 2 0
63 1 25 11 40 9 7
67 1 24 0 6 0 5
101 1 47 13 30 4 6
10 1 3 1 3 0 0
58 15 21 13 30 13 18
82 5 21 2 53 3 9
38 3 2 0 3 1 0
26 3 8 1 6 3 2
79 7 24 14 14 5 15
51 3 22 13 19 1 8
18 3 4 3 5 1 0
144 13 58 23 57 14 48
51 19 1 0 0 12 7
33 11 1 1 3 4 6
100 3 42 25 70 25 16
104 19 44 22 28 27 30
20 1 8 0 3 5 2
18 1 7 0 3 0 2
4 1 0 0 0 0 0
24 1 10 7 7 0 4
147 13 64 48 129 29 35
106 1 42 16 33 1 2
79 9 36 4 9 18 19
95 11 44 5 12 21 23
143 3 62 22 54 1 15
9 1 1 0 0 0 0
34 3 12 10 13 1 9
19 1 6 4 8 0 2
17 3 5 4 6 1 5
10 3 3 1 3 1 0
27 5 7 3 11 2 5
15 7 1 0 0 3 3
70 1 21 27 46 0 21
31 1 12 2 6 0 8
87 17 22 12 27 19 37
24 1 10 3 5 0 2
124 1 48 19 44 4 8
47 1 20 4 19 0 4
85 1 33 18 32 0 19
56 1 11 2 8 0 1
8 1 2 2 3 0 2
75 1 28 10 18 0 16
27 3 7 4 6 1 2
46 9 12 2 19 13 26
271 11 93 27 55 7 33
31 7 12 2 9 3 11
31 7 12 2 9 3 11
23 5 8 2 8 2 5
155 27 59 95 55 31 86
107 7 41 29 52 8 15
99 3 37 9 31 5 5
14 3 5 3 5 1 2
97 11 42 22 57 6 25
40 5 9 1 9 7 6
16 3 3 1 3 1 2
113 5 29 3 21 6 12
760 1 369 32 279 156 17
4 1 0 0 0 0 0
100 9 42 4 43 15 10
64 3 27 4 13 1 16
37 3 15 1 23 1 7
17 3 5 2 8 1 4
13 5 3 0 3 2 2
14 1 2 0 3 1 0
47 5 17 9 15 2 8
76 7 27 13 34 6 8
24 7 7 3 6 7 9
17 1 5 1 5 0 0
115 7 51 6 14 45 51
61 3 27 4 14 1 27
295 9 114 30 68 10 66
11 3 2 0 3 1 2
17 3 5 0 3 1 7
13 3 3 0 3 1 4
13 7 3 0 3 3 4
54 1 22 13 21 8 3
30 9 1 0 0 4 8
107 1 47 9 44 10 0
35 5 11 2 6 2 4
4 1 0 0 0 0 0
15 5 4 0 3 2 2
40 7 12 3 6 3 6
23 5 8 1 5 2 6
7 1 0 0 0 0 0
21 1 7 0 10 0 2
10 3 3 0 6 3 4
25 1 9 3 10 2 3
18 1 4 2 10 0 0
26 3 5 0 3 1 1
113 43 5 2 9 22 31
169 21 51 8 38 16 50
24 3 7 2 8 1 3
13 3 3 0 3 1 1
23 22 5 0 0 8 4
13 7 3 0 8 0 1
13 3 3 0 0 1 1
222 14 94 16 29 10 20
13 1 0 0 0 0 0
52 5 15 9 26 2 13
125 1 59 26 115 57 0
345 13 136 56 177 26 25
15 7 1 0 0 3 3
55 3 15 4 13 2 6
55 7 15 5 11 7 13
97 1 18 0 3 0 0
133 9 48 26 60 5 16
279 11 97 47 134 9 36
105 9 37 9 52 7 14
21 1 4 0 0 0 0
64 23 18 6 15 16 20
54 9 19 3 16 5 12
15 1 1 0 0 0 0
14 1 2 0 0 0 0
217 37 63 28 57 34 68
6 11 1 0 0 5 0
6 1 1 0 0 0 0
14 5 2 0 3 2 0
36 1 13 3 9 0 10
26 1 8 1 5 0 6
46 1 18 6 12 0 10
16 1 3 0 3 0 1
40 1 15 5 9 0 11
16 1 3 0 3 0 1
58 9 24 10 18 9 16
40 5 15 5 18 7 8
44 1 17 7 10 0 7
79 17 18 8 18 14 11
13 1 0 0 0 0 0
4 1 0 0 0 0 0
7 1 0 0 0 0 0
7 1 0 0 0 0 0
10 1 0 0 0 0 0
10 1 0 0 0 0 0
7 1 0 0 0 0 0
16 3 3 1 3 1 2
956 25 449 16 317 174 32
6 1 1 0 22 0 0
78 7 31 5 20 3 9
11 3 2 0 3 1 0
8 1 2 2 5 0 0
22 1 0 5 0 0 0
16 1 6 1 5 0 6
113 15 47 8 20 7 61
16 1 0 0 0 0 0
66 1 19 3 20 0 20
24 3 10 0 0 1 0
18 3 7 0 0 1 0
21 1 4 0 12 0 0
13 5 3 0 3 2 2
31 1 12 0 6 2 0
21 1 7 0 10 0 2
10 3 3 0 6 3 4
25 1 9 3 10 2 3
20 1 5 2 12 0 0
121 1 57 3 38 22 2
112 1 48 3 21 1 0
11 5 2 7 3 2 3
50 5 20 11 11 2 8
63 5 25 11 13 2 6
93 11 34 11 25 7 23
80 1 35 18 19 2 10
53 1 23 3 11 0 17
11 9 2 2 5 4 6
72 1 25 5 24 0 8
11 3 2 0 3 1 1
52 1 18 1 15 3 5
11 1 2 1 8 0 0
17 3 5 1 6 2 3
89 5 29 5 15 2 9
95 31 29 6 23 29 56
64 9 24 4 5 8 15
17 1 5 2 5 0 0
7 1 0 0 0 0 0
226 21 75 16 64 19 68
34 7 9 5 6 5 1
80 5 26 4 14 4 13
15 3 4 0 3 1 4
10 1 0 0 0 0 0
20 5 5 2 3 3 6
25 5 6 3 13 8 4
13 3 3 0 3 1 1
161 1 65 20 66 1 5
54 19 1 0 0 9 14
43 5 9 8 15 2 11
23 22 5 0 0 8 4
49 1 21 0 8 0 1
158 11 50 14 71 4 37
17 1 5 0 3 0 0
1 1 0 0 0 0 0
4 1 0 1 0 0 0
70 9 18 10 27 6 17
95 1 38 12 35 1 4
187 17 78 7 3 39 32
30 9 10 1 0 4 6
16 1 3 0 0 0 0
12 5 1 0 0 2 2
34 7 12 2 6 2 1
6 1 1 0 0 0 0
11 3 2 0 0 1 0
44 17 14 1 11 20 42
72 1 31 4 11 9 12
21 1 7 0 10 0 2
10 3 3 0 6 3 4
18 1 4 2 10 0 0
123 3 31 6 9 2 9
144 9 64 17 27 22 47
33 11 1 0 0 6 3
17 7 5 0 0 3 5
124 17 54 7 15 9 15
69 5 31 14 19 2 17
161 25 50 16 44 22 64
175 23 54 5 36 15 40
21 3 7 2 0 1 4
146 1 50 9 21 7 11
176 15 65 13 45 14 85
24 13 7 2 5 6 4
46 17 15 2 11 20 43
58 9 21 6 14 6 14
13 5 3 0 0 2 3
15 7 4 0 0 3 4
33 3 13 2 5 1 6
15 5 4 0 0 2 3
17 9 5 0 0 4 5
188 27 53 6 39 18 45
27 3 10 4 6 2 7
15 3 4 0 0 1 4
21 3 7 2 0 1 4
7 1 0 0 0 0 0
200 30 68 12 51 25 35
23 7 5 2 3 5 6
30 5 4 1 0 4 7
7 1 0 0 0 1 1
19 1 0 0 0 0 6
69 7 16 4 6 20 13
48 5 10 3 3 34 10
90 5 25 4 3 17 11
91 7 33 5 0 3 14
114 5 43 18 22 3 30
10 3 3 0 6 3 4
210 17 76 10 21 45 53
23 7 5 0 0 5 3
11 18 2 0 0 1 0
25 5 6 0 0 2 6
126 11 37 10 12 10 21
